u,v,unweighted_hops,weighted_cost,path_length_sum,euclidean,tortuosity
0,1,inf,inf,inf,596.3430220938282,inf
0,2,inf,inf,inf,240.6013300046365,inf
0,3,inf,inf,inf,319.97812425226823,inf
0,4,inf,inf,inf,459.0119824144028,inf
0,5,inf,inf,inf,956.2897050580436,inf
0,6,inf,inf,inf,108.01851693112621,inf
0,7,inf,inf,inf,754.454107285526,inf
0,8,inf,inf,inf,924.2780966786999,inf
0,9,inf,inf,inf,968.3800906668827,inf
0,10,inf,inf,inf,557.0008976653448,inf
0,11,inf,inf,inf,944.69571820772,inf
0,12,inf,inf,inf,428.1973843918246,inf
0,13,inf,inf,inf,341.76600181995866,inf
0,14,inf,inf,inf,778.8485090182814,inf
0,15,inf,inf,inf,259.8249410660955,inf
0,16,inf,inf,inf,537.7527312808369,inf
0,17,inf,inf,inf,207.06762180505189,inf
0,18,inf,inf,inf,989.5312021356376,inf
0,19,inf,inf,inf,532.1888762460185,inf
0,20,inf,inf,inf,365.2738698565776,inf
0,21,inf,inf,inf,841.2068711084094,inf
0,22,inf,inf,inf,375.96010426639685,inf
0,23,inf,inf,inf,222.49719099350446,inf
0,24,inf,inf,inf,425.77576257931827,inf
0,25,inf,inf,inf,641.78656888408,inf
0,26,inf,inf,inf,204.65825172711703,inf
0,27,inf,inf,inf,815.3631092954844,inf
0,28,inf,inf,inf,494.631175725914,inf
0,29,inf,inf,inf,217.11057090800531,inf
0,30,inf,inf,inf,782.738781459051,inf
0,31,inf,inf,inf,127.27922061357856,inf
0,32,inf,inf,inf,794.4230610952832,inf
0,33,inf,inf,inf,184.25254408012933,inf
0,34,inf,inf,inf,351.0113958264033,inf
0,35,inf,inf,inf,700.4070245221702,inf
0,36,inf,inf,inf,892.8051299135775,inf
0,37,inf,inf,inf,821.46819780196,inf
0,38,inf,inf,inf,303.9161068452937,inf
0,39,inf,inf,inf,548.6055048939994,inf
0,40,inf,inf,inf,326.7414880299103,inf
0,41,inf,inf,inf,600.5206074732157,inf
0,42,inf,inf,inf,970.9814622329305,inf
0,43,inf,inf,inf,792.2827778009566,inf
0,44,inf,inf,inf,228.0548179714693,inf
0,45,inf,inf,inf,460.84813116687366,inf
0,46,inf,inf,inf,575.6048992147305,inf
0,47,inf,inf,inf,508.10727213847275,inf
0,48,inf,inf,inf,737.4822031751004,inf
0,49,inf,inf,inf,466.76010969233437,inf
0,50,inf,inf,inf,769.4686478343351,inf
0,51,inf,inf,inf,430.04302110370304,inf
0,52,inf,inf,inf,751.9587754657831,inf
0,53,inf,inf,inf,427.44941221155045,inf
0,54,inf,inf,inf,690.5186456570162,inf
0,55,inf,inf,inf,567.2539114012349,inf
0,56,inf,inf,inf,535.4960317313286,inf
0,57,inf,inf,inf,537.8773094303198,inf
0,58,inf,inf,inf,842.8196722905797,inf
0,59,inf,inf,inf,475.8455631820055,inf
0,60,inf,inf,inf,684.3873172407566,inf
0,61,inf,inf,inf,608.7635008769826,inf
0,62,inf,inf,inf,633.9629326703573,inf
0,63,inf,inf,inf,664.8014741259228,inf
0,64,inf,inf,inf,856.356234285709,inf
0,65,inf,inf,inf,451.64255778214704,inf
0,66,inf,inf,inf,453.0452516029718,inf
0,67,inf,inf,inf,169.2572007330855,inf
0,68,inf,inf,inf,426.91919610155736,inf
0,69,inf,inf,inf,576.6359336704572,inf
0,70,inf,inf,inf,640.0031249923707,inf
0,71,inf,inf,inf,377.1538147758816,inf
0,72,inf,inf,inf,604.8470881140125,inf
0,73,inf,inf,inf,830.0674671374611,inf
0,74,inf,inf,inf,216.52944372532804,inf
0,75,inf,inf,inf,343.86334494970527,inf
0,76,inf,inf,inf,742.7819330059126,inf
0,77,inf,inf,inf,539.636914971539,inf
0,78,inf,inf,inf,630.1745789858553,inf
0,79,inf,inf,inf,483.61244814417256,inf
0,80,inf,inf,inf,647.6557727682198,inf
0,81,inf,inf,inf,608.949915838733,inf
0,82,inf,inf,inf,576.7850552848955,inf
0,83,inf,inf,inf,548.125897946813,inf
0,84,inf,inf,inf,427.375712927162,inf
0,85,inf,inf,inf,989.5701086835637,inf
0,86,inf,inf,inf,605.6005284013547,inf
0,87,inf,inf,inf,614.3777339715365,inf
0,88,inf,inf,inf,261.0383113644432,inf
0,89,inf,inf,inf,128.87590930814028,inf
0,90,inf,inf,inf,935.2218988026318,inf
0,91,inf,inf,inf,247.24481794367298,inf
0,92,inf,inf,inf,884.8734372778969,inf
0,93,inf,inf,inf,751.1923854779147,inf
0,94,inf,inf,inf,452.3118393321139,inf
0,95,inf,inf,inf,876.3161529950249,inf
0,96,inf,inf,inf,482.2717076503659,inf
0,97,inf,inf,inf,486.2118879665531,inf
0,98,inf,inf,inf,568.5850859809814,inf
0,99,inf,inf,inf,497.24139007126104,inf
0,100,inf,inf,inf,830.1668506993037,inf
0,101,inf,inf,inf,388.25378298221386,inf
0,102,inf,inf,inf,407.23580392691406,inf
0,103,inf,inf,inf,785.3266836164426,inf
0,104,inf,inf,inf,425.4715031585547,inf
0,105,inf,inf,inf,845.0857944611305,inf
0,106,inf,inf,inf,521.9894634951936,inf
0,107,inf,inf,inf,458.94008323527373,inf
0,108,inf,inf,inf,317.5531451584128,inf
0,109,inf,inf,inf,265.3695536417092,inf
0,110,inf,inf,inf,554.0920501144192,inf
0,111,inf,inf,inf,524.1545573588004,inf
0,112,inf,inf,inf,222.61176967986216,inf
0,113,inf,inf,inf,564.8451115128819,inf
0,114,inf,inf,inf,551.4798273735857,inf
0,115,inf,inf,inf,852.2593501980485,inf
0,116,inf,inf,inf,398.81073205218536,inf
0,117,inf,inf,inf,178.86866690396056,inf
0,118,inf,inf,inf,323.79777639755343,inf
0,119,inf,inf,inf,692.4536085543926,inf
0,120,inf,inf,inf,551.903071200007,inf
0,121,inf,inf,inf,248.84734276258607,inf
0,122,inf,inf,inf,434.6331786690933,inf
0,123,inf,inf,inf,515.7867776513857,inf
0,124,inf,inf,inf,626.6258851978587,inf
0,125,inf,inf,inf,399.9712489667226,inf
0,126,inf,inf,inf,505.0247518686584,inf
0,127,inf,inf,inf,499.14426772226886,inf
0,128,inf,inf,inf,982.3303924851353,inf
0,129,inf,inf,inf,509.5772757884716,inf
0,130,inf,inf,inf,370.49426446302783,inf
0,131,inf,inf,inf,686.0327980497725,inf
0,132,inf,inf,inf,496.76251871492883,inf
0,133,inf,inf,inf,919.2431669585584,inf
0,134,inf,inf,inf,283.5507009337131,inf
0,135,inf,inf,inf,231.94827009486403,inf
0,136,inf,inf,inf,300.1932710771512,inf
0,137,inf,inf,inf,519.5623158005207,inf
0,138,inf,inf,inf,455.60070236995904,inf
0,139,inf,inf,inf,580.9931152776253,inf
0,140,inf,inf,inf,905.9232859354041,inf
0,141,inf,inf,inf,415.7354928316802,inf
0,142,inf,inf,inf,745.8592360492695,inf
0,143,inf,inf,inf,796.0760013968516,inf
0,144,inf,inf,inf,544.063415421401,inf
0,145,inf,inf,inf,375.3664875824692,inf
0,146,inf,inf,inf,762.0032808328322,inf
0,147,inf,inf,inf,713.4486666887815,inf
0,148,inf,inf,inf,169.0562036720333,inf
0,149,inf,inf,inf,254.2833065696606,inf
0,150,inf,inf,inf,778.3431120013846,inf
0,151,inf,inf,inf,222.1823575354263,inf
0,152,inf,inf,inf,747.5647129178851,inf
0,153,inf,inf,inf,752.2107417472845,inf
0,154,inf,inf,inf,757.3513055379253,inf
0,155,inf,inf,inf,719.2781103300725,inf
0,156,inf,inf,inf,949.5393620066521,inf
0,157,inf,inf,inf,644.7705018066506,inf
0,158,inf,inf,inf,938.6719341708263,inf
0,159,inf,inf,inf,407.5389551932428,inf
0,160,inf,inf,inf,864.2088867860593,inf
0,161,inf,inf,inf,375.4703716673261,inf
0,162,inf,inf,inf,343.35113222472415,inf
0,163,inf,inf,inf,534.8990558974656,inf
0,164,inf,inf,inf,198.66806487203723,inf
0,165,inf,inf,inf,253.87004549572208,inf
0,166,inf,inf,inf,378.6000528261981,inf
0,167,inf,inf,inf,314.63153052419904,inf
0,168,inf,inf,inf,749.0060079865848,inf
0,169,inf,inf,inf,358.8606972071475,inf
0,170,inf,inf,inf,616.3383810862341,inf
1,2,inf,inf,inf,364.77116114078973,inf
1,3,inf,inf,inf,432.69966489471653,inf
1,4,inf,inf,inf,845.3336619347416,inf
1,5,inf,inf,inf,994.6883934177578,inf
1,6,inf,inf,inf,673.145600891813,inf
1,7,inf,inf,inf,1071.4074855067981,inf
1,8,inf,inf,inf,861.8033418361755,inf
1,9,inf,inf,inf,1400.0746408674074,inf
1,10,3.0,51.87,51.8700576850888,39.66106403010388,1.3078332352787598
1,11,inf,inf,inf,1079.6244717493207,inf
1,12,inf,inf,inf,940.0606363421457,inf
1,13,inf,inf,inf,750.1633155520203,inf
1,14,inf,inf,inf,988.118413956546,inf
1,15,inf,inf,inf,572.2551878314429,inf
1,16,inf,inf,inf,1073.0969201334985,inf
1,17,inf,inf,inf,548.7768216679709,inf
1,18,inf,inf,inf,1176.2095901666505,inf
1,19,inf,inf,inf,233.23807579381202,inf
1,20,inf,inf,inf,237.54157530840786,inf
1,21,inf,inf,inf,1419.3195552799236,inf
1,22,inf,inf,inf,826.3830830795122,inf
1,23,inf,inf,inf,666.196667659033,inf
1,24,inf,inf,inf,684.0540914284484,inf
1,25,inf,inf,inf,152.8953890737062,inf
1,26,inf,inf,inf,464.83545475791755,inf
1,27,inf,inf,inf,1078.1187318658367,inf
1,28,inf,inf,inf,562.0862923075068,inf
1,29,inf,inf,inf,812.7939468278538,inf
1,30,inf,inf,inf,576.1084967260941,inf
1,31,inf,inf,inf,493.87953996900904,inf
1,32,inf,inf,inf,471.7297955397772,inf
1,33,inf,inf,inf,776.5320341106348,inf
1,34,inf,inf,inf,788.046952915878,inf
1,35,inf,inf,inf,766.2329932859848,inf
1,36,inf,inf,inf,770.377829379844,inf
1,37,inf,inf,inf,1212.6850374272785,inf
1,38,inf,inf,inf,896.6660470877661,inf
1,39,inf,inf,inf,87.20665112249179,inf
1,40,inf,inf,inf,757.0290615293444,inf
1,41,inf,inf,inf,104.6900186264192,inf
1,42,inf,inf,inf,1368.1081828568967,inf
1,43,inf,inf,inf,1386.8096480771974,inf
1,44,inf,inf,inf,453.2240064250789,inf
1,45,inf,inf,inf,234.69128658729537,inf
1,46,inf,inf,inf,1134.1393212476146,inf
1,47,inf,inf,inf,672.6693095422148,inf
1,48,inf,inf,inf,1332.3441747536558,inf
1,49,inf,inf,inf,896.4429708576,inf
1,50,inf,inf,inf,1330.265011191379,inf
1,51,inf,inf,inf,1015.2684374095355,inf
1,52,inf,inf,inf,817.8294443219809,inf
1,53,inf,inf,inf,745.0771772105222,inf
1,54,inf,inf,inf,1276.492459828886,inf
1,55,inf,inf,inf,1057.9196566847597,inf
1,56,inf,inf,inf,358.50383540486706,inf
1,57,inf,inf,inf,755.0794660166571,inf
1,58,inf,inf,inf,1423.9417122902187,inf
1,59,inf,inf,inf,663.0897375167256,inf
1,60,inf,inf,inf,1037.0,inf
1,61,inf,inf,inf,929.0263720691679,inf
1,62,inf,inf,inf,706.2591592326431,inf
1,63,inf,inf,inf,1260.4800672759566,inf
1,64,inf,inf,inf,754.8357437217716,inf
1,65,inf,inf,inf,578.7521058277024,inf
1,66,inf,inf,inf,879.7618996069334,inf
1,67,inf,inf,inf,634.8582518956496,inf
1,68,inf,inf,inf,169.42549985170473,inf
1,69,inf,inf,inf,934.2216011204195,inf
1,70,inf,inf,inf,1000.0284995938865,inf
1,71,inf,inf,inf,558.9311227691655,inf
1,72,inf,inf,inf,98.59513172565875,inf
1,73,inf,inf,inf,1113.9501784191248,inf
1,74,inf,inf,inf,588.3196410115847,inf
1,75,inf,inf,inf,934.1482751683482,inf
1,76,inf,inf,inf,359.02646142032484,inf
1,77,inf,inf,inf,357.49825174397705,inf
1,78,inf,inf,inf,952.5675829042262,inf
1,79,inf,inf,inf,403.39806643066595,inf
1,80,inf,inf,inf,897.338843469957,inf
1,81,inf,inf,inf,14.317821063276353,inf
1,82,inf,inf,inf,1110.2882508610096,inf
1,83,inf,inf,inf,740.6490396942401,inf
1,84,inf,inf,inf,629.0,inf
1,85,inf,inf,inf,1340.6446210685365,inf
1,86,inf,inf,inf,1109.984234122269,inf
1,87,inf,inf,inf,919.9483681163852,inf
1,88,inf,inf,inf,661.6358515074587,inf
1,89,inf,inf,inf,494.82522166922735,inf
1,90,inf,inf,inf,1316.887618591655,inf
1,91,inf,inf,inf,841.0,inf
1,92,inf,inf,inf,1390.3790849980446,inf
1,93,inf,inf,inf,1232.7047497272006,inf
1,94,inf,inf,inf,912.7962532789012,inf
1,95,inf,inf,inf,1221.3701322694935,inf
1,96,inf,inf,inf,997.90029562076,inf
1,97,inf,inf,inf,662.8883767271832,inf
1,98,inf,inf,inf,196.2090721653818,inf
1,99,inf,inf,inf,756.8896881316325,inf
1,100,inf,inf,inf,1262.7628439259686,inf
1,101,inf,inf,inf,740.6227109669268,inf
1,102,inf,inf,inf,640.9134106882145,inf
1,103,inf,inf,inf,1126.7124744139473,inf
1,104,inf,inf,inf,1005.0398002069371,inf
1,105,inf,inf,inf,1341.3146536141323,inf
1,106,inf,inf,inf,889.1973909093526,inf
1,107,inf,inf,inf,1000.7262362904253,inf
1,108,inf,inf,inf,552.5260174869596,inf
1,109,inf,inf,inf,837.2586219323155,inf
1,110,inf,inf,inf,217.89217516927954,inf
1,111,inf,inf,inf,340.1249770305027,inf
1,112,inf,inf,inf,514.5454304529387,inf
1,113,inf,inf,inf,770.7950440940834,inf
1,114,inf,inf,inf,238.8158286211364,inf
1,115,inf,inf,inf,635.9630492410703,inf
1,116,inf,inf,inf,742.8923205956568,inf
1,117,inf,inf,inf,594.340811319566,inf
1,118,inf,inf,inf,807.9170749526216,inf
1,119,inf,inf,inf,855.2502557731275,inf
1,120,inf,inf,inf,197.9595918363139,inf
1,121,inf,inf,inf,532.4847415654274,inf
1,122,inf,inf,inf,480.75877527092524,inf
1,123,inf,inf,inf,370.9353043321706,inf
1,124,inf,inf,inf,874.6685086362719,inf
1,125,inf,inf,inf,205.27542473467201,inf
1,126,inf,inf,inf,471.49231170826107,inf
1,127,inf,inf,inf,476.860566622991,inf
1,128,inf,inf,inf,1119.8732071087334,inf
1,129,inf,inf,inf,247.98790293076797,inf
1,130,inf,inf,inf,588.7588640521686,inf
1,131,inf,inf,inf,183.83144453547658,inf
1,132,inf,inf,inf,558.6626889277644,inf
1,133,inf,inf,inf,1056.1103162075447,inf
1,134,inf,inf,inf,354.3162429243119,inf
1,135,inf,inf,inf,818.313509603746,inf
1,136,inf,inf,inf,321.69706246716026,inf
1,137,inf,inf,inf,883.9061036105588,inf
1,138,inf,inf,inf,726.4303132441541,inf
1,139,inf,inf,inf,589.8643911951289,inf
1,140,inf,inf,inf,1443.5470203633824,inf
1,141,inf,inf,inf,980.8450438270053,inf
1,142,inf,inf,inf,1188.1031100035048,inf
1,143,inf,inf,inf,1390.2438635002134,inf
1,144,inf,inf,inf,809.0797241310648,inf
1,145,inf,inf,inf,745.0805325600717,inf
1,146,inf,inf,inf,948.440825776706,inf
1,147,inf,inf,inf,1303.7438398703941,inf
1,148,inf,inf,inf,761.0420487726024,inf
1,149,inf,inf,inf,643.6186759254272,inf
1,150,inf,inf,inf,1313.5314994319701,inf
1,151,inf,inf,inf,817.5879157619687,inf
1,152,inf,inf,inf,1033.3063437335513,inf
1,153,inf,inf,inf,819.5632983485779,inf
1,154,inf,inf,inf,933.2652356109703,inf
1,155,inf,inf,inf,837.2156233611506,inf
1,156,inf,inf,inf,1422.8492541376265,inf
1,157,inf,inf,inf,1212.245849652619,inf
1,158,inf,inf,inf,1383.8684908617581,inf
1,159,inf,inf,inf,830.9879662185248,inf
1,160,inf,inf,inf,1338.600014940983,inf
1,161,inf,inf,inf,908.6633039800826,inf
1,162,inf,inf,inf,779.0308081199356,inf
1,163,inf,inf,inf,1014.4801624477435,inf
1,164,inf,inf,inf,435.0287346831241,inf
1,165,inf,inf,inf,848.212827066415,inf
1,166,inf,inf,inf,836.909194596403,inf
1,167,inf,inf,inf,426.82080549101636,inf
1,168,inf,inf,inf,990.0126261821109,inf
1,169,inf,inf,inf,669.2144648765446,inf
1,170,inf,inf,inf,1159.974137642732,inf
2,3,inf,inf,inf,174.72549899771354,inf
2,4,inf,inf,inf,609.9713108007621,inf
2,5,inf,inf,inf,977.8164449425055,inf
2,6,inf,inf,inf,334.0793318958837,inf
2,7,inf,inf,inf,888.551630463869,inf
2,8,inf,inf,inf,901.8009758255976,inf
2,9,inf,inf,inf,1157.2143275988246,inf
2,10,inf,inf,inf,325.11690205216956,inf
2,11,inf,inf,inf,1006.8788407747975,inf
2,12,inf,inf,inf,639.8155984344239,inf
2,13,inf,inf,inf,494.2276803255763,inf
2,14,inf,inf,inf,865.6881655654073,inf
2,15,inf,inf,inf,335.9434476217686,inf
2,16,inf,inf,inf,761.8825368782251,inf
2,17,inf,inf,inf,285.9545418418809,inf
2,18,inf,inf,inf,1075.6323721420808,inf
2,19,inf,inf,inf,299.1755337590292,inf
2,20,inf,inf,inf,158.45504094221806,inf
2,21,inf,inf,inf,1080.6710877968376,inf
2,22,inf,inf,inf,554.4447673123086,inf
2,23,inf,inf,inf,380.888435109285,inf
2,24,inf,inf,inf,504.92771759926194,inf
2,25,inf,inf,inf,437.8093192247054,inf
2,26,inf,inf,inf,119.50732195141852,inf
2,27,inf,inf,inf,927.8157144605818,inf
2,28,inf,inf,inf,382.45653347798884,inf
2,29,inf,inf,inf,456.85884034349164,inf
2,30,inf,inf,inf,691.3559141281718,inf
2,31,inf,inf,inf,175.03428235634297,inf
2,32,inf,inf,inf,659.9310570051996,inf
2,33,inf,inf,inf,424.8152539634141,inf
2,34,inf,inf,inf,520.3844732503075,inf
2,35,inf,inf,inf,717.036261286694,inf
2,36,inf,inf,inf,843.7298145733621,inf
2,37,inf,inf,inf,990.4731192717953,inf
2,38,inf,inf,inf,544.4777314087327,inf
2,39,inf,inf,inf,331.7664841420845,inf
2,40,inf,inf,inf,490.1234538358678,inf
2,41,inf,inf,inf,360.21382538708866,inf
2,42,inf,inf,inf,1145.733825982283,inf
2,43,inf,inf,inf,1031.767900256642,inf
2,44,inf,inf,inf,213.77090541044166,inf
2,45,inf,inf,inf,291.35888522576414,inf
2,46,inf,inf,inf,772.6124513622597,inf
2,47,inf,inf,inf,549.8672567083805,inf
2,48,inf,inf,inf,969.501418255796,inf
2,49,inf,inf,inf,640.1531066862052,inf
2,50,inf,inf,inf,1004.4585606186051,inf
2,51,inf,inf,inf,670.0835768767953,inf
2,52,inf,inf,inf,772.9146136540569,inf
2,53,inf,inf,inf,539.2160976825525,inf
2,54,inf,inf,inf,911.7241907506897,inf
2,55,inf,inf,inf,714.2128534267638,inf
2,56,inf,inf,inf,417.6421913552317,inf
2,57,inf,inf,inf,610.0303271149722,inf
2,58,inf,inf,inf,1082.7889914475488,inf
2,59,inf,inf,inf,425.73465914816,inf
2,60,inf,inf,inf,831.7024708391817,inf
2,61,inf,inf,inf,737.1322812087394,inf
2,62,inf,inf,inf,646.8910263715211,inf
2,63,inf,inf,inf,898.576652267351,inf
2,64,inf,inf,inf,813.4156379121316,inf
2,65,inf,inf,inf,362.579646422686,inf
2,66,inf,inf,inf,552.0443822737444,inf
2,67,inf,inf,inf,333.33016665162484,inf
2,68,inf,inf,inf,198.58751219550538,inf
2,69,inf,inf,inf,720.9687926672,inf
2,70,inf,inf,inf,788.7540808135321,inf
2,71,inf,inf,inf,402.5046583581363,inf
2,72,inf,inf,inf,364.73689147109866,inf
2,73,inf,inf,inf,952.4583980416153,inf
2,74,inf,inf,inf,247.00202428320299,inf
2,75,inf,inf,inf,584.4287809476874,inf
2,76,inf,inf,inf,582.0532621676473,inf
2,77,inf,inf,inf,420.65306369976673,inf
2,78,inf,inf,inf,760.8002365930231,inf
2,79,inf,inf,inf,300.5661324900063,inf
2,80,inf,inf,inf,745.0939538071692,inf
2,81,inf,inf,inf,378.20761494184643,inf
2,82,inf,inf,inf,800.7309161010332,inf
2,83,inf,inf,inf,609.1182151274086,inf
2,84,inf,inf,inf,377.48244992317194,inf
2,85,inf,inf,inf,1145.534809597683,inf
2,86,inf,inf,inf,818.1301852394887,inf
2,87,inf,inf,inf,736.0957818110357,inf
2,88,inf,inf,inf,324.0061727807049,inf
2,89,inf,inf,inf,177.81451009408653,inf
2,90,inf,inf,inf,1102.8331696136092,inf
2,91,inf,inf,inf,487.7427600692808,inf
2,92,inf,inf,inf,1101.6006535945774,inf
2,93,inf,inf,inf,956.8139840115215,inf
2,94,inf,inf,inf,640.2069977749384,inf
2,95,inf,inf,inf,1026.918205116649,inf
2,96,inf,inf,inf,645.3874805107394,inf
2,97,inf,inf,inf,431.65379646193315,inf
2,98,inf,inf,inf,331.058907144937,inf
2,99,inf,inf,inf,586.436697351044,inf
2,100,inf,inf,inf,1016.9523095996193,inf
2,101,inf,inf,inf,431.1148338899973,inf
2,102,inf,inf,inf,469.55297890653407,inf
2,103,inf,inf,inf,931.4853729393715,inf
2,104,inf,inf,inf,664.2326399688591,inf
2,105,inf,inf,inf,1057.8624674313764,inf
2,106,inf,inf,inf,585.7729935734491,inf
2,107,inf,inf,inf,684.4567188654079,inf
2,108,inf,inf,inf,358.8606972071475,inf
2,109,inf,inf,inf,500.11998560345495,inf
2,110,inf,inf,inf,378.1071276768001,inf
2,111,inf,inf,inf,315.22848856028224,inf
2,112,inf,inf,inf,181.1767093199344,inf
2,113,inf,inf,inf,634.2814832548717,inf
2,114,inf,inf,inf,319.15670132397344,inf
2,115,inf,inf,inf,762.7640526401333,inf
2,116,inf,inf,inf,437.1555787131167,inf
2,117,inf,inf,inf,307.1042168385188,inf
2,118,inf,inf,inf,516.8713573027625,inf
2,119,inf,inf,inf,752.6599497781186,inf
2,120,inf,inf,inf,369.10973977937783,inf
2,121,inf,inf,inf,299.322568477554,inf
2,122,inf,inf,inf,398.1067695983076,inf
2,123,inf,inf,inf,317.2081335653296,inf
2,124,inf,inf,inf,721.7929065874782,inf
2,125,inf,inf,inf,161.83942659315127,inf
2,126,inf,inf,inf,347.0864445638867,inf
2,127,inf,inf,inf,344.81589290518497,inf
2,128,inf,inf,inf,1047.1723831346967,inf
2,129,inf,inf,inf,278.9265136196271,inf
2,130,inf,inf,inf,416.0588900624526,inf
2,131,inf,inf,inf,483.16042884325697,inf
2,132,inf,inf,inf,382.19628464965484,inf
2,133,inf,inf,inf,981.1467780103036,inf
2,134,inf,inf,inf,66.40783086353596,inf
2,135,inf,inf,inf,471.5050370886826,inf
2,136,1.0,68.2132,68.2132034355964,63.788713735268246,1.0693616384661773
2,137,inf,inf,inf,581.3776741499453,inf
2,138,inf,inf,inf,452.9293543147761,inf
2,139,inf,inf,inf,557.3454942851876,inf
2,140,inf,inf,inf,1134.249531628733,inf
2,141,inf,inf,inf,649.8038165477332,inf
2,142,inf,inf,inf,934.9272698985734,inf
2,143,inf,inf,inf,1035.7470733726454,inf
2,144,inf,inf,inf,640.7027391856539,inf
2,145,inf,inf,inf,428.939389657793,inf
2,146,inf,inf,inf,837.6311837557148,inf
2,147,inf,inf,inf,939.2816404039845,inf
2,148,inf,inf,inf,398.7041509691114,inf
2,149,inf,inf,inf,307.02605752606735,inf
2,150,inf,inf,inf,1004.9820893926419,inf
2,151,inf,inf,inf,456.84570699526114,inf
2,152,inf,inf,inf,867.2946442818611,inf
2,153,inf,inf,inf,773.8436534597929,inf
2,154,inf,inf,inf,827.9577283895597,inf
2,155,inf,inf,inf,761.0519036176179,inf
2,156,inf,inf,inf,1154.647132244306,inf
2,157,inf,inf,inf,849.3444530930899,inf
2,158,inf,inf,inf,1132.5025386285013,inf
2,159,inf,inf,inf,574.0078396677175,inf
2,160,inf,inf,inf,1068.658972731713,inf
2,161,inf,inf,inf,595.4569673788359,inf
2,162,inf,inf,inf,511.3169271596629,inf
2,163,inf,inf,inf,734.8959109969248,inf
2,164,inf,inf,inf,161.91355718407277,inf
2,165,inf,inf,inf,486.3424719269334,inf
2,166,inf,inf,inf,561.4133949239188,inf
2,167,inf,inf,inf,165.55965692160635,inf
2,168,inf,inf,inf,848.5593673986517,inf
2,169,inf,inf,inf,368.5457909134223,inf
2,170,inf,inf,inf,802.0436397104586,inf
3,4,inf,inf,inf,754.1790238398307,inf
3,5,inf,inf,inf,1152.383616683264,inf
3,6,inf,inf,inf,427.8527784179974,inf
3,7,inf,inf,inf,1042.1732101718985,inf
3,8,inf,inf,inf,1075.3269270319608,inf
3,9,inf,inf,inf,1284.7482243614895,inf
3,10,inf,inf,inf,396.9130887234635,inf
3,11,inf,inf,inf,1178.264825919878,inf
3,12,inf,inf,inf,747.9659083140086,inf
3,13,inf,inf,inf,635.5045239807503,inf
3,14,inf,inf,inf,1032.2620791252577,inf
3,15,inf,inf,inf,494.8989795907848,inf
3,16,inf,inf,inf,856.235948789818,inf
3,17,inf,inf,inf,440.4781492877938,inf
3,18,inf,inf,inf,1243.3607682406582,inf
3,19,inf,inf,inf,263.60007587252323,inf
3,20,inf,inf,inf,300.84713726409296,inf
3,21,inf,inf,inf,1137.008795040742,inf
3,22,inf,inf,inf,684.6897107449475,inf
3,23,inf,inf,inf,515.6403785585454,inf
3,24,inf,inf,inf,669.0567987846772,inf
3,25,inf,inf,inf,546.6186970823446,inf
3,26,inf,inf,inf,116.00431026474836,inf
3,27,inf,inf,inf,1088.5701631038764,inf
3,28,inf,inf,inf,208.21623375712088,inf
3,29,inf,inf,inf,506.55799273133573,inf
3,30,inf,inf,inf,855.0052631416955,inf
3,31,inf,inf,inf,317.49330701606925,inf
3,32,inf,inf,inf,808.9116144548798,inf
3,33,inf,inf,inf,487.2217154438008,inf
3,34,inf,inf,inf,654.6823657316577,inf
3,35,inf,inf,inf,891.4033879226621,inf
3,36,inf,inf,inf,1014.4934696684844,inf
3,37,inf,inf,inf,1129.4830676021663,inf
3,38,inf,inf,inf,596.6950645011235,inf
3,39,inf,inf,inf,433.33358974351387,inf
3,40,inf,inf,inf,626.5540678983738,inf
3,41,inf,inf,inf,383.8502312100385,inf
3,42,inf,inf,inf,1282.148587332997,inf
3,43,inf,inf,inf,1060.5592864144842,inf
3,44,inf,inf,inf,382.3414704161713,inf
3,45,inf,inf,inf,440.65519400093314,inf
3,46,inf,inf,inf,731.6262707147687,inf
3,47,inf,inf,inf,721.1192689146504,inf
3,48,inf,inf,inf,973.7319959824674,inf
3,49,inf,inf,inf,774.2899973524131,inf
3,50,inf,inf,inf,1077.849711230652,inf
3,51,inf,inf,inf,728.7008988604309,inf
3,52,inf,inf,inf,947.2169761992233,inf
3,53,inf,inf,inf,695.8110375669532,inf
3,54,inf,inf,inf,896.7463409459779,inf
3,55,inf,inf,inf,631.3643955751702,inf
3,56,inf,inf,inf,580.4498255663447,inf
3,57,inf,inf,inf,777.2580009237602,inf
3,58,inf,inf,inf,1135.577826483064,inf
3,59,inf,inf,inf,258.62907802488104,inf
3,60,inf,inf,inf,979.8469268207152,inf
3,61,inf,inf,inf,891.455551331641,inf
3,62,inf,inf,inf,821.2338278468563,inf
3,63,inf,inf,inf,908.8987842438783,inf
3,64,inf,inf,inf,985.206577322746,inf
3,65,inf,inf,inf,189.01058171435798,inf
3,66,inf,inf,inf,448.35700061446573,inf
3,67,inf,inf,inf,462.7936905360746,inf
3,68,inf,inf,inf,301.7979456523851,inf
3,69,inf,inf,inf,869.299142988189,inf
3,70,inf,inf,inf,935.9540587016011,inf
3,71,inf,inf,inf,573.5616793336179,inf
3,72,inf,inf,inf,390.88873097084803,inf
3,73,inf,inf,inf,1110.4098342503996,inf
3,74,inf,inf,inf,180.31361568112376,inf
3,75,inf,inf,inf,639.2808459511359,inf
3,76,inf,inf,inf,719.4755034050846,inf
3,77,inf,inf,inf,583.0077186453024,inf
3,78,inf,inf,inf,914.593898951879,inf
3,79,inf,inf,inf,164.55090397806995,inf
3,80,inf,inf,inf,908.3831790604668,inf
3,81,inf,inf,inf,447.0011185668331,inf
3,82,inf,inf,inf,895.1742847066151,inf
3,83,inf,inf,inf,778.2775854410816,inf
3,84,inf,inf,inf,213.78493866500511,inf
3,85,inf,inf,inf,1291.6148806823185,inf
3,86,inf,inf,inf,925.5754966505974,inf
3,87,inf,inf,inf,892.5704453991293,inf
3,88,inf,inf,inf,241.36486902612816,inf
3,89,inf,inf,inf,320.97507691408066,inf
3,90,inf,inf,inf,1243.0325820347591,inf
3,91,inf,inf,inf,541.5016158793989,inf
3,92,inf,inf,inf,1204.3774325351667,inf
3,93,inf,inf,inf,1070.8239818009308,inf
3,94,inf,inf,inf,766.0496067488058,inf
3,95,inf,inf,inf,1174.8787171448805,inf
3,96,inf,inf,inf,580.2516695365899,inf
3,97,inf,inf,inf,262.9752840097335,inf
3,98,inf,inf,inf,312.2963336320169,inf
3,99,inf,inf,inf,749.7766334049095,inf
3,100,inf,inf,inf,1145.523897611918,inf
3,101,inf,inf,inf,307.92369184588574,inf
3,102,inf,inf,inf,636.3151734793065,inf
3,103,inf,inf,inf,1080.7867504739313,inf
3,104,inf,inf,inf,729.8712215178784,inf
3,105,inf,inf,inf,1165.0167380771832,inf
3,106,inf,inf,inf,457.73900860643283,inf
3,107,inf,inf,inf,777.318467553679,inf
3,108,inf,inf,inf,526.2793934784071,inf
3,109,inf,inf,inf,580.3076770128067,inf
3,110,inf,inf,inf,516.2363799656123,inf
3,111,inf,inf,inf,216.81328372588243,inf
3,112,inf,inf,inf,115.24755962709145,inf
3,113,inf,inf,inf,802.2867317860865,inf
3,114,inf,inf,inf,278.3522947633089,inf
3,115,inf,inf,inf,925.9049627256569,inf
3,116,inf,inf,inf,310.3353025358217,inf
3,117,inf,inf,inf,448.2186966202994,inf
3,118,inf,inf,inf,638.0164574679873,inf
3,119,inf,inf,inf,923.1522084683544,inf
3,120,inf,inf,inf,503.03578401541176,inf
3,121,inf,inf,inf,461.97510755450884,inf
3,122,inf,inf,inf,572.8001396647875,inf
3,123,inf,inf,inf,201.47952749597167,inf
3,124,inf,inf,inf,885.4027332237008,inf
3,125,inf,inf,inf,245.08161905781512,inf
3,126,inf,inf,inf,188.403821617291,inf
3,127,inf,inf,inf,183.76343488300387,inf
3,128,inf,inf,inf,1218.3287733612794,inf
3,129,inf,inf,inf,237.80033641691932,inf
3,130,inf,inf,inf,584.4929426434505,inf
3,131,inf,inf,inf,590.1906471641176,inf
3,132,inf,inf,inf,208.21383239352758,inf
3,133,inf,inf,inf,1152.483405520444,inf
3,134,inf,inf,inf,117.88553770501282,inf
3,135,inf,inf,inf,539.2235158076843,inf
3,136,inf,inf,inf,149.83324063771698,inf
3,137,inf,inf,inf,452.58479868418027,inf
3,138,inf,inf,inf,302.3673262771624,inf
3,139,inf,inf,inf,731.8968506558831,inf
3,140,inf,inf,inf,1220.780488048527,inf
3,141,inf,inf,inf,728.8634988802773,inf
3,142,inf,inf,inf,1061.6967551989599,inf
3,143,inf,inf,inf,1065.7227594454384,inf
3,144,inf,inf,inf,803.0398495716137,inf
3,145,inf,inf,inf,312.70753108935514,inf
3,146,inf,inf,inf,1006.1813951768339,inf
3,147,inf,inf,inf,931.4553129377705,inf
3,148,inf,inf,inf,431.01972112653965,inf
3,149,inf,inf,inf,223.8258251408894,inf
3,150,inf,inf,inf,1094.7456325558005,inf
3,151,inf,inf,inf,491.2117669600353,inf
3,152,inf,inf,inf,1025.5169428146958,inf
3,153,inf,inf,inf,948.1165540164353,inf
3,154,inf,inf,inf,997.3088789337032,inf
3,155,inf,inf,inf,933.818504849845,inf
3,156,inf,inf,inf,1269.2805048530447,inf
3,157,inf,inf,inf,813.6590194915804,inf
3,158,inf,inf,inf,1256.382505449674,inf
3,159,inf,inf,inf,710.6968411355153,inf
3,160,inf,inf,inf,1183.8179758729802,inf
3,161,inf,inf,inf,695.3330137423362,inf
3,162,inf,inf,inf,646.1021591048896,inf
3,163,inf,inf,inf,853.021101731956,inf
3,164,inf,inf,inf,328.42198464780034,inf
3,165,inf,inf,inf,513.5328616554153,inf
3,166,inf,inf,inf,689.3620239032608,inf
3,167,inf,inf,inf,9.219544457292887,inf
3,168,inf,inf,inf,1012.1679702499976,inf
3,169,inf,inf,inf,236.66220653074288,inf
3,170,inf,inf,inf,747.9525386012136,inf
4,5,inf,inf,inf,603.8294461186867,inf
4,6,inf,inf,inf,365.0753346913483,inf
4,7,inf,inf,inf,295.7718715496793,inf
4,8,inf,inf,inf,650.0538439237168,inf
4,9,inf,inf,inf,557.4118764432634,inf
4,10,inf,inf,inf,814.6864427496017,inf
4,11,inf,inf,inf,536.4121549704108,inf
4,12,inf,inf,inf,207.3475343475297,inf
4,13,inf,inf,inf,118.96217886370441,inf
4,14,inf,inf,inf,355.1746049480452,inf
4,15,inf,inf,inf,282.39157211220027,inf
4,16,inf,inf,inf,320.8145881969833,inf
4,17,inf,inf,inf,325.0984466280945,inf
4,18,inf,inf,inf,553.1726674375732,inf
4,19,inf,inf,inf,893.987136372778,inf
4,20,inf,inf,inf,629.5085384647297,inf
4,21,inf,inf,inf,695.4315207121402,inf
4,22,inf,inf,inf,104.62313319720452,inf
4,23,inf,inf,inf,240.01874926763534,inf
4,24,inf,inf,inf,183.25119372053214,inf
4,25,inf,inf,inf,803.0006226647648,inf
4,26,inf,inf,inf,641.3930152410455,inf
4,27,inf,inf,inf,364.81913327017264,inf
4,28,inf,inf,inf,947.4259865551504,inf
4,29,inf,inf,inf,432.001157405857,inf
4,30,inf,inf,inf,670.787596784556,inf
4,31,inf,inf,inf,439.2948895673611,inf
4,32,inf,inf,inf,765.5638444963294,inf
4,33,inf,inf,inf,401.69266859130005,inf
4,34,inf,inf,inf,111.8257573191436,inf
4,35,inf,inf,inf,408.45317969138154,inf
4,36,inf,inf,inf,673.0267453823808,inf
4,37,inf,inf,inf,381.03280698648507,inf
4,38,inf,inf,inf,422.34227825307755,inf
4,39,inf,inf,inf,764.9967320191636,inf
4,40,inf,inf,inf,132.3782459469833,inf
4,41,inf,inf,inf,900.420457342013,inf
4,42,inf,inf,inf,537.0595870106035,inf
4,43,inf,inf,inf,755.145019185057,inf
4,44,inf,inf,inf,412.4039282063157,inf
4,45,inf,inf,inf,619.3876007799962,inf
4,46,inf,inf,inf,815.5764832313399,inf
4,47,inf,inf,inf,263.9564357995463,inf
4,48,inf,inf,inf,796.0628115921506,inf
4,49,inf,inf,inf,70.66116330771806,inf
4,50,inf,inf,inf,573.4962946698087,inf
4,51,inf,inf,inf,426.18423246291036,inf
4,52,inf,inf,inf,437.0560604773717,inf
4,53,inf,inf,inf,111.19802156513397,inf
4,54,inf,inf,inf,821.6690331270858,inf
4,55,inf,inf,inf,905.5523176492896,inf
4,56,inf,inf,inf,568.8022503471659,inf
4,57,inf,inf,inf,208.58571379651102,inf
4,58,inf,inf,inf,709.6766869497687,inf
4,59,inf,inf,inf,934.8074668080053,inf
4,60,inf,inf,inf,226.4199637841151,inf
4,61,inf,inf,inf,156.28499608087785,inf
4,62,inf,inf,inf,374.32205385202724,inf
4,63,inf,inf,inf,725.1765302324669,inf
4,64,inf,inf,inf,632.9059961795274,inf
4,65,inf,inf,inf,907.8882089772948,inf
4,66,inf,inf,inf,859.8988312586545,inf
4,67,inf,inf,inf,294.10882339705483,inf
4,68,inf,inf,inf,706.0708179779136,inf
4,69,inf,inf,inf,117.63077828527702,inf
4,70,inf,inf,inf,182.18671740826773,inf
4,71,inf,inf,inf,296.56871041969345,inf
4,72,inf,inf,inf,901.1304012183808,inf
4,73,inf,inf,inf,373.9090798576574,inf
4,74,inf,inf,inf,675.3258472767054,inf
4,75,inf,inf,inf,418.08372367266344,inf
4,76,inf,inf,inf,781.8906573172492,inf
4,77,inf,inf,inf,572.8001396647875,inf
4,78,inf,inf,inf,174.91712323268982,inf
4,79,inf,inf,inf,906.113127595004,inf
4,80,inf,inf,inf,227.9517492804124,inf
4,81,inf,inf,inf,852.5538106184266,inf
4,82,inf,inf,inf,343.9491241448363,inf
4,83,inf,inf,inf,236.1228493814184,inf
4,84,inf,inf,inf,886.3780231932649,inf
4,85,inf,inf,inf,537.5546483847014,inf
4,86,inf,inf,inf,303.29523570277195,inf
4,87,inf,inf,inf,167.73789077009405,inf
4,88,inf,inf,inf,711.5932827114095,inf
4,89,inf,inf,inf,436.02408190374075,inf
4,90,inf,inf,inf,492.9137855649809,inf
4,91,inf,inf,inf,416.9244535884169,inf
4,92,inf,inf,inf,559.7865664697573,inf
4,93,inf,inf,inf,395.9116062961529,inf
4,94,inf,inf,inf,116.66190466471906,inf
4,95,inf,inf,inf,420.8301320010249,inf
4,96,inf,inf,inf,811.8041635764133,inf
4,97,inf,inf,inf,945.2163773443624,inf
4,98,inf,inf,inf,912.5486288412251,inf
4,99,inf,inf,inf,159.17600321656528,inf
4,100,inf,inf,inf,418.46505230425157,inf
4,101,inf,inf,inf,833.261663584735,inf
4,102,inf,inf,inf,221.812984290821,inf
4,103,inf,inf,inf,327.6125760711881,inf
4,104,inf,inf,inf,397.12214745591814,inf
4,105,inf,inf,inf,507.3006997826831,inf
4,106,inf,inf,inf,945.810234666553,inf
4,107,inf,inf,inf,290.8779812911249,inf
4,108,inf,inf,inf,292.8275943281302,inf
4,109,inf,inf,inf,328.09297462761987,inf
4,110,inf,inf,inf,683.404711719198,inf
4,111,inf,inf,inf,925.0135134148042,inf
4,112,inf,inf,inf,675.6330364924439,inf
4,113,inf,inf,inf,225.72992712531496,inf
4,114,inf,inf,inf,914.1083086811979,inf
4,115,inf,inf,inf,718.9061134807521,inf
4,116,inf,inf,inf,844.593393296443,inf
4,117,inf,inf,inf,306.3494736408078,inf
4,118,inf,inf,inf,165.20593209688326,inf
4,119,inf,inf,inf,323.57997465850696,inf
4,120,inf,inf,inf,695.0460416404081,inf
4,121,inf,inf,inf,323.012383663537,inf
4,122,inf,inf,inf,398.73048541590094,inf
4,123,inf,inf,inf,926.7793696452247,inf
4,124,inf,inf,inf,215.0348808914498,inf
4,125,inf,inf,inf,715.9392432322732,inf
4,126,inf,inf,inf,942.2536813406462,inf
4,127,inf,inf,inf,937.9024469527734,inf
4,128,inf,inf,inf,568.1769090697017,inf
4,129,inf,inf,inf,878.2511030451371,inf
4,130,inf,inf,inf,263.60955976595386,inf
4,131,inf,inf,inf,834.0509576758485,inf
4,132,inf,inf,inf,949.037933909915,inf
4,133,inf,inf,inf,513.4082196459266,inf
4,134,inf,inf,inf,674.641386219375,inf
4,135,inf,inf,inf,375.04666376332426,inf
4,136,inf,inf,inf,670.862131887022,inf
4,137,inf,inf,inf,944.7671670840388,inf
4,138,inf,inf,inf,909.6284955958669,inf
4,139,inf,inf,inf,418.3837950972767,inf
4,140,inf,inf,inf,638.5209471896752,inf
4,141,inf,inf,inf,338.9985250705377,inf
4,142,inf,inf,inf,342.79148180781857,inf
4,143,inf,inf,inf,753.9555689826822,inf
4,144,inf,inf,inf,159.0125781188394,inf
4,145,inf,inf,inf,817.4545858945315,inf
4,146,inf,inf,inf,355.18586683594265,inf
4,147,inf,inf,inf,816.4343206896682,inf
4,148,inf,inf,inf,486.49768755873856,inf
4,149,inf,inf,inf,708.0112993448621,inf
4,150,inf,inf,inf,516.1879502661797,inf
4,151,inf,inf,inf,475.635364538845,inf
4,152,inf,inf,inf,294.61330587738223,inf
4,153,inf,inf,inf,436.02866878222585,inf
4,154,inf,inf,inf,358.49825662058663,inf
4,155,inf,inf,inf,375.76721517450136,inf
4,156,inf,inf,inf,578.9343658826966,inf
4,157,inf,inf,inf,848.3613616849839,inf
4,158,inf,inf,inf,538.9666037891402,inf
4,159,inf,inf,inf,62.12889826803627,inf
4,160,inf,inf,inf,496.0574563495644,inf
4,161,inf,inf,inf,240.8692591427972,inf
4,162,inf,inf,inf,117.88977903109328,inf
4,163,inf,inf,inf,201.22872558360052,inf
4,164,inf,inf,inf,454.0011013202501,inf
4,165,inf,inf,inf,496.2277702829619,inf
4,166,inf,inf,inf,112.25862995778988,inf
4,167,inf,inf,inf,746.7831010407239,inf
4,168,inf,inf,inf,313.4230368048909,inf
4,169,inf,inf,inf,814.2880325781535,inf
4,170,inf,inf,inf,875.948057820782,inf
5,6,inf,inf,inf,900.3921367937417,inf
5,7,inf,inf,inf,465.6533045088373,inf
5,8,inf,inf,inf,180.27756377319946,inf
5,9,inf,inf,inf,806.0434231479096,inf
5,10,inf,inf,inf,985.6733738921835,inf
5,11,inf,inf,inf,166.90116836020053,inf
5,12,inf,inf,inf,805.1440864839038,inf
5,13,inf,inf,inf,670.1775884047452,inf
5,14,inf,inf,inf,288.19611378365255,inf
5,15,inf,inf,inf,697.2209119066925,inf
5,16,inf,inf,inf,890.2718685884666,inf
5,17,inf,inf,inf,752.4446823521315,inf
5,18,inf,inf,inf,283.0017667789373,inf
5,19,inf,inf,inf,1162.7058957449215,inf
5,20,inf,inf,inf,892.9776033025688,inf
5,21,inf,inf,inf,1225.416255808613,inf
5,22,inf,inf,inf,703.5822624256526,inf
5,23,inf,inf,inf,755.7889917166034,inf
5,24,inf,inf,inf,535.3363428724039,inf
5,25,inf,inf,inf,868.278757082079,inf
5,26,inf,inf,inf,1067.029990206461,inf
5,27,inf,inf,inf,374.17776523999925,inf
5,28,inf,inf,inf,1360.2624746717083,inf
5,29,inf,inf,inf,1013.3138704271248,inf
5,30,inf,inf,inf,463.0269970530876,inf
5,31,inf,inf,inf,867.8352378187924,inf
5,32,inf,inf,inf,611.0662811839645,inf
5,33,inf,inf,inf,975.3466050589401,inf
5,34,inf,inf,inf,694.1217472461153,inf
5,35,inf,inf,inf,261.6333312099206,inf
5,36,inf,inf,inf,287.1671986839723,inf
5,37,inf,inf,inf,634.4761618847473,inf
5,38,inf,inf,inf,1020.5415229181025,inf
5,39,inf,inf,inf,910.9478580028607,inf
5,40,inf,inf,inf,695.8462473851533,inf
5,41,inf,inf,inf,1091.1484775226513,inf
5,42,inf,inf,inf,720.850192481073,inf
5,43,inf,inf,inf,1327.274651306202,inf
5,44,inf,inf,inf,777.149277809611,inf
5,45,inf,inf,inf,785.7588688649973,inf
5,46,inf,inf,inf,1415.1907998570368,inf
5,47,inf,inf,inf,448.416101405826,inf
5,48,inf,inf,inf,1390.4510059689267,inf
5,49,inf,inf,inf,659.7764773012145,inf
5,50,inf,inf,inf,1093.7659713119622,inf
5,51,inf,inf,inf,1028.7706255526546,inf
5,52,inf,inf,inf,206.64946164943183,inf
5,53,inf,inf,inf,558.4630695041526,inf
5,54,inf,inf,inf,1424.2310205861968,inf
5,55,inf,inf,inf,1485.6059369832903,inf
5,56,inf,inf,inf,639.4700931239865,inf
5,57,inf,inf,inf,428.94521794746703,inf
5,58,inf,inf,inf,1244.7188437554885,inf
5,59,inf,inf,inf,1392.3451439926812,inf
5,60,inf,inf,inf,524.450188292463,inf
5,61,inf,inf,inf,480.45915539200627,inf
5,62,inf,inf,inf,331.6941362158819,inf
5,63,inf,inf,inf,1322.4208861024542,inf
5,64,inf,inf,inf,275.42694131112154,inf
5,65,inf,inf,inf,1338.190195749468,inf
5,66,inf,inf,inf,1405.5618093844184,inf
5,67,inf,inf,inf,798.8404095938062,inf
5,68,inf,inf,inf,945.8382525569581,inf
5,69,inf,inf,inf,538.6770832326172,inf
5,70,inf,inf,inf,536.5687281234343,inf
5,71,inf,inf,inf,588.7113044608537,inf
5,72,inf,inf,inf,1087.2874504931988,inf
5,73,inf,inf,inf,415.63686073302017,inf
5,74,inf,inf,inf,1153.6138868789678,inf
5,75,inf,inf,inf,1020.3705209383501,inf
5,76,inf,inf,inf,708.2972539831,inf
5,77,inf,inf,inf,639.7702712693049,inf
5,78,inf,inf,inf,479.0093944798995,inf
5,79,inf,inf,inf,1258.1800348121885,inf
5,80,inf,inf,inf,382.31400706748894,inf
5,81,inf,inf,inf,992.9602207540844,inf
5,82,inf,inf,inf,899.1423691496248,inf
5,83,inf,inf,inf,412.6111971335727,inf
5,84,inf,inf,inf,1342.1788256413524,inf
5,85,inf,inf,inf,623.3177359902412,inf
5,86,inf,inf,inf,828.8268818034319,inf
5,87,inf,inf,inf,459.7934318800128,inf
5,88,inf,inf,inf,1213.0807887358533,inf
5,89,inf,inf,inf,864.3616141407484,inf
5,90,inf,inf,inf,664.3508109425321,inf
5,91,inf,inf,inf,1005.8648020484661,inf
5,92,inf,inf,inf,965.0870427065115,inf
5,93,inf,inf,inf,825.1084777167182,inf
5,94,inf,inf,inf,709.6618913257214,inf
5,95,inf,inf,inf,554.4366510251645,inf
5,96,inf,inf,inf,1392.3907497538182,inf
5,97,inf,inf,inf,1400.0742837435448,inf
5,98,inf,inf,inf,1153.9865683793723,inf
5,99,inf,inf,inf,478.87472265718935,inf
5,100,inf,inf,inf,735.3563761877638,inf
5,101,inf,inf,inf,1341.1207999281794,inf
5,102,inf,inf,inf,549.1784773641443,inf
5,103,inf,inf,inf,517.5712511336,inf
5,104,inf,inf,inf,999.265730424095,inf
5,105,inf,inf,inf,913.9037148409016,inf
5,106,inf,inf,inf,1478.2384787306817,inf
5,107,inf,inf,inf,883.6764113633451,inf
5,108,inf,inf,inf,644.9263523845184,inf
5,109,inf,inf,inf,921.8378382340356,inf
5,110,inf,inf,inf,776.8037075091751,inf
5,111,inf,inf,inf,1240.0145160440663,inf
5,112,inf,inf,inf,1121.984848382544,inf
5,113,inf,inf,inf,402.715780669196,inf
5,114,inf,inf,inf,1179.004664961085,inf
5,115,inf,inf,inf,442.36636400160444,inf
5,116,inf,inf,inf,1351.0203551390334,inf
5,117,inf,inf,inf,778.249317378435,inf
5,118,inf,inf,inf,758.0534281961925,inf
5,119,inf,inf,inf,282.10990766011747,inf
5,120,inf,inf,inf,796.7816513951611,inf
5,121,inf,inf,inf,715.4893430373369,inf
5,122,inf,inf,inf,581.3157489695252,inf
5,123,inf,inf,inf,1256.7871737092164,inf
5,124,inf,inf,inf,390.4484601070927,inf
5,125,inf,inf,inf,989.0505548251818,inf
5,126,inf,inf,inf,1316.0015197559615,inf
5,127,inf,inf,inf,1315.4197048850986,inf
5,128,inf,inf,inf,187.52333188166213,inf
5,129,inf,inf,inf,1159.631406956538,inf
5,130,inf,inf,inf,588.1666430528002,inf
5,131,inf,inf,inf,869.3865653436335,inf
5,132,inf,inf,inf,1359.9474254543813,inf
5,133,inf,inf,inf,164.20109622045769,inf
5,134,inf,inf,inf,1039.5657747348168,inf
5,135,inf,inf,inf,961.7785607924518,inf
5,136,inf,inf,inf,1016.3355745028313,inf
5,137,inf,inf,inf,1475.847214314544,inf
5,138,inf,inf,inf,1396.716864650814,inf
5,139,inf,inf,inf,426.5688690000713,inf
5,140,inf,inf,inf,1087.1619014663822,inf
5,141,inf,inf,inf,940.5370806087338,inf
5,142,inf,inf,inf,723.9254105223824,inf
5,143,inf,inf,inf,1324.4625325013917,inf
5,144,inf,inf,inf,450.6939094329987,inf
5,145,inf,inf,inf,1329.800736952721,inf
5,146,inf,inf,inf,263.1216448717209,inf
5,147,inf,inf,inf,1416.6245091766555,inf
5,148,inf,inf,inf,1048.7373360379613,inf
5,149,inf,inf,inf,1203.3494920429393,inf
5,150,inf,inf,inf,1001.0074924794519,inf
5,151,inf,inf,inf,1054.5544082691988,inf
5,152,inf,inf,inf,410.6689664437769,inf
5,153,inf,inf,inf,206.0412580043133,inf
5,154,inf,inf,inf,253.12645061312736,inf
5,155,inf,inf,inf,240.160363090998,inf
5,156,inf,inf,inf,907.8683825313007,inf
5,157,inf,inf,inf,1451.4795899357318,inf
5,158,inf,inf,inf,824.0588571212617,inf
5,159,inf,inf,inf,662.3971618296684,inf
5,160,inf,inf,inf,861.643197617204,inf
5,161,inf,inf,inf,844.542479689447,inf
5,162,inf,inf,inf,695.1517819872147,inf
5,163,inf,inf,inf,752.1495861861522,inf
5,164,inf,inf,inf,830.8507687906415,inf
5,165,inf,inf,inf,1080.4628637764465,inf
5,166,inf,inf,inf,713.5993273539431,inf
5,167,inf,inf,inf,1143.260687682385,inf
5,168,inf,inf,inf,340.0,inf
5,169,inf,inf,inf,1300.634076133637,inf
5,170,inf,inf,inf,1473.9745588035094,inf
6,7,inf,inf,inf,660.4490896352269,inf
6,8,inf,inf,inf,887.392810428392,inf
6,9,inf,inf,inf,861.1457484073181,inf
6,10,inf,inf,inf,634.717259888212,inf
6,11,inf,inf,inf,873.0876244684722,inf
6,12,inf,inf,inf,320.18900668199086,inf
6,13,inf,inf,inf,252.74493071078598,inf
6,14,inf,inf,inf,700.7859873028284,inf
6,15,inf,inf,inf,225.6213642366343,inf
6,16,inf,inf,inf,431.9560162794356,inf
6,17,inf,inf,inf,188.76705220985997,inf
6,18,inf,inf,inf,908.6693568069741,inf
6,19,inf,inf,inf,631.5607650891559,inf
6,20,inf,inf,inf,436.3129610726686,inf
6,21,inf,inf,inf,749.2723136483825,inf
6,22,inf,inf,inf,274.69619582367716,inf
6,23,inf,inf,inf,145.0551619212498,inf
6,24,inf,inf,inf,365.1260056473655,inf
6,25,inf,inf,inf,699.3782953452302,inf
6,26,inf,inf,inf,312.2579062249665,inf
6,27,inf,inf,inf,727.6022264946693,inf
6,28,inf,inf,inf,600.3865421543024,inf
6,29,inf,inf,inf,156.54072952429985,inf
6,30,inf,inf,inf,780.3101947302752,inf
6,31,inf,inf,inf,179.61069010501575,inf
6,32,inf,inf,inf,811.995073876683,inf
6,33,inf,inf,inf,113.08846094982458,inf
6,34,inf,inf,inf,254.02558926218438,inf
6,35,inf,inf,inf,652.8598624513534,inf
6,36,inf,inf,inf,868.2470846481432,inf
6,37,inf,inf,inf,717.7200011146408,inf
6,38,inf,inf,inf,227.74766738651792,inf
6,39,inf,inf,inf,616.1980201201559,inf
6,40,inf,inf,inf,233.6578695443404,inf
6,41,inf,inf,inf,688.660293613622,inf
6,42,inf,inf,inf,865.6610191062088,inf
6,43,inf,inf,inf,716.0921728381061,inf
6,44,inf,inf,inf,252.00992043965255,inf
6,45,inf,inf,inf,509.1807144816072,inf
6,46,inf,inf,inf,562.0435926153771,inf
6,47,inf,inf,inf,458.6948876976939,inf
6,48,inf,inf,inf,679.0611165425391,inf
6,49,inf,inf,inf,365.08766070630213,inf
6,50,inf,inf,inf,670.3804889762231,inf
6,51,inf,inf,inf,342.14762895568924,inf
6,52,inf,inf,inf,700.9208229179669,inf
6,53,inf,inf,inf,351.4612354157994,inf
6,54,inf,inf,inf,648.3363324694984,inf
6,55,inf,inf,inf,591.0541430359827,inf
6,56,inf,inf,inf,556.0575509783138,inf
6,57,inf,inf,inf,473.22299183365976,inf
6,58,inf,inf,inf,752.6068030518991,inf
6,59,inf,inf,inf,574.011323930112,inf
6,60,inf,inf,inf,587.212057096923,inf
6,61,inf,inf,inf,519.0616533707725,inf
6,62,inf,inf,inf,590.6174734970174,inf
6,63,inf,inf,inf,604.2391910493724,inf
6,64,inf,inf,inf,829.9746984095359,inf
6,65,inf,inf,inf,555.7814318596835,inf
6,66,inf,inf,inf,508.20665088131227,inf
6,67,inf,inf,inf,104.4030650891055,inf
6,68,inf,inf,inf,505.24449526936957,inf
6,69,inf,inf,inf,482.0840175737005,inf
6,70,inf,inf,inf,542.9769792541854,inf
6,71,inf,inf,inf,347.75997469519115,inf
6,72,inf,inf,inf,692.3034016961061,inf
6,73,inf,inf,inf,738.8639928972043,inf
6,74,inf,inf,inf,315.2792413083995,inf
6,75,inf,inf,inf,262.37759050650646,inf
6,76,inf,inf,inf,774.7315664151035,inf
6,77,inf,inf,inf,560.4462507680821,inf
6,78,inf,inf,inf,539.2327883205917,inf
6,79,inf,inf,inf,591.1556478627266,inf
6,80,inf,inf,inf,568.5296826024125,inf
6,81,inf,inf,inf,684.8532689562049,inf
6,82,inf,inf,inf,471.0042462653601,inf
6,83,inf,inf,inf,487.82988838323547,inf
6,84,inf,inf,inf,526.9098594636467,inf
6,85,inf,inf,inf,887.9352453867343,inf
6,86,inf,inf,inf,497.7750495956984,inf
6,87,inf,inf,inf,526.9459175285449,inf
6,88,inf,inf,inf,346.60207731633693,inf
6,89,inf,inf,inf,178.96647730790255,inf
6,90,inf,inf,inf,831.309809878363,inf
6,91,inf,inf,inf,175.82377541163197,inf
6,92,inf,inf,inf,777.787245974116,inf
6,93,inf,inf,inf,643.174937322654,inf
6,94,inf,inf,inf,347.0705980056507,inf
6,95,inf,inf,inf,776.5526382673618,inf
6,96,inf,inf,inf,499.8899878973373,inf
6,97,inf,inf,inf,584.8572475399445,inf
6,98,inf,inf,inf,665.108261864187,inf
6,99,inf,inf,inf,427.2341278502924,inf
6,100,inf,inf,inf,723.3705827582429,inf
6,101,inf,inf,inf,468.6288510111173,inf
6,102,inf,inf,inf,356.3495474951526,inf
6,103,inf,inf,inf,687.4314511280379,inf
6,104,inf,inf,inf,333.0015014981164,inf
6,105,inf,inf,inf,737.4618634207467,inf
6,106,inf,inf,inf,587.9634342371982,inf
6,107,inf,inf,inf,353.4543817807328,inf
6,108,inf,inf,inf,289.5582842883277,inf
6,109,inf,inf,inf,166.5322791533221,inf
6,110,inf,inf,inf,600.2549458355174,inf
6,111,inf,inf,inf,629.6427558544607,inf
6,112,inf,inf,inf,329.5572787847357,inf
6,113,inf,inf,inf,500.08999190145767,inf
6,114,inf,inf,inf,651.2342128604731,inf
6,115,inf,inf,inf,847.0053128522867,inf
6,116,inf,inf,inf,479.8770675912738,inf
6,117,inf,inf,inf,139.17614738165446,inf
6,118,inf,inf,inf,219.24643668712156,inf
6,119,inf,inf,inf,626.8907400815552,inf
6,120,inf,inf,inf,601.445758152803,inf
6,121,inf,inf,inf,232.36393868240398,inf
6,122,inf,inf,inf,427.3382735023859,inf
6,123,inf,inf,inf,622.4146527838175,inf
6,124,inf,inf,inf,548.9772308575284,inf
6,125,inf,inf,inf,486.47404863980154,inf
6,126,inf,inf,inf,613.0073409022114,inf
6,127,inf,inf,inf,607.0823667345313,inf
6,128,inf,inf,inf,909.2067971589302,inf
6,129,inf,inf,inf,609.9090096071708,inf
6,130,inf,inf,inf,332.05120087119093,inf
6,131,inf,inf,inf,741.9117198157743,inf
6,132,inf,inf,inf,602.6947817925753,inf
6,133,inf,inf,inf,848.124990788504,inf
6,134,inf,inf,inf,384.2460149435515,inf
6,135,inf,inf,inf,146.21901381147393,inf
6,136,inf,inf,inf,396.59551182533573,inf
6,137,inf,inf,inf,586.3795699033178,inf
6,138,inf,inf,inf,544.764169159463,inf
6,139,inf,inf,inf,556.5294241996554,inf
6,140,inf,inf,inf,802.2699047078856,inf
6,141,inf,inf,inf,315.7340653144668,inf
6,142,inf,inf,inf,638.9507023237395,inf
6,143,inf,inf,inf,719.0945695803856,inf
6,144,inf,inf,inf,468.6800614491724,inf
6,145,inf,inf,inf,453.26372014534763,inf
6,146,inf,inf,inf,688.5383068500983,inf
6,147,inf,inf,inf,664.7924488139137,inf
6,148,inf,inf,inf,153.80507143784303,inf
6,149,inf,inf,inf,343.5345688573422,inf
6,150,inf,inf,inf,673.8323233564861,inf
6,151,inf,inf,inf,181.89282558693733,inf
6,152,inf,inf,inf,658.3167930411619,inf
6,153,inf,inf,inf,700.8801609405134,inf
6,154,inf,inf,inf,685.9395017055076,inf
6,155,inf,inf,inf,660.5035957509997,inf
6,156,inf,inf,inf,841.5349071785436,inf
6,157,inf,inf,inf,621.840011578541,inf
6,158,inf,inf,inf,831.0264737058621,inf
6,159,inf,inf,inf,309.53513532392407,inf
6,160,inf,inf,inf,756.191113409831,inf
6,161,inf,inf,inf,268.15294143454776,inf
6,162,inf,inf,inf,247.3095226634025,inf
6,163,inf,inf,inf,427.2762572388033,inf
6,164,inf,inf,inf,245.20399670478457,inf
6,165,inf,inf,inf,214.70444802099468,inf
6,166,inf,inf,inf,275.87315925983086,inf
6,167,inf,inf,inf,422.3706902709988,inf
6,168,inf,inf,inf,666.8208155119335,inf
6,169,inf,inf,inf,449.9611094305818,inf
6,170,inf,inf,inf,611.0032733136542,inf
7,8,inf,inf,inf,588.4496579997307,inf
7,9,inf,inf,inf,376.8195854782498,inf
7,10,inf,inf,inf,1046.3770830823848,inf
7,11,inf,inf,inf,332.0737869811467,inf
7,12,inf,inf,inf,427.3265730094491,inf
7,13,inf,inf,inf,412.9176673381753,inf
7,14,inf,inf,inf,181.60396471443016,inf
7,15,inf,inf,inf,552.675311552814,inf
7,16,inf,inf,inf,466.43863476345956,inf
7,17,inf,inf,inf,603.6770659880993,inf
7,18,inf,inf,inf,296.37982387470305,inf
7,19,inf,inf,inf,1157.2424119431503,inf
7,20,inf,inf,inf,880.5816259722889,inf
7,21,inf,inf,inf,766.4424309757387,inf
7,22,inf,inf,inf,390.03204996512784,inf
7,23,inf,inf,inf,533.6665625650534,inf
7,24,inf,inf,inf,394.3247392695518,inf
7,25,inf,inf,inf,997.3249219787903,inf
7,26,inf,inf,inf,931.7306477732715,inf
7,27,inf,inf,inf,101.83319694480774,inf
7,28,inf,inf,inf,1239.5842044814865,inf
7,29,inf,inf,inf,711.7555760231177,inf
7,30,inf,inf,inf,737.800108430461,inf
7,31,inf,inf,inf,724.7875550807975,inf
7,32,inf,inf,inf,868.0397456338045,inf
7,33,inf,inf,inf,687.0516720014587,inf
7,34,inf,inf,inf,406.4529493065587,inf
7,35,inf,inf,inf,409.4691685585131,inf
7,36,inf,inf,inf,656.5759666634167,inf
7,37,inf,inf,inf,182.03571078225283,inf
7,38,inf,inf,inf,682.9494856868992,inf
7,39,inf,inf,inf,985.7043167197758,inf
7,40,inf,inf,inf,428.117974394909,inf
7,41,inf,inf,inf,1141.887034693012,inf
7,42,inf,inf,inf,314.5313974788527,inf
7,43,inf,inf,inf,884.6699949698758,inf
7,44,inf,inf,inf,679.4777406214275,inf
7,45,inf,inf,inf,836.8763349503915,inf
7,46,inf,inf,inf,1059.6801404197402,inf
7,47,inf,inf,inf,402.51459600864166,inf
7,48,inf,inf,inf,969.7778096038288,inf
7,49,inf,inf,inf,305.9411708155671,inf
7,50,inf,inf,inf,634.8582518956496,inf
7,51,inf,inf,inf,644.5463520957977,inf
7,52,inf,inf,inf,398.62890010635203,inf
7,53,inf,inf,inf,349.48247452483224,inf
7,54,inf,inf,inf,1024.8946287301928,inf
7,55,inf,inf,inf,1174.9110604637272,inf
7,56,inf,inf,inf,743.1399598998831,inf
7,57,inf,inf,inf,317.90721916936707,inf
7,58,inf,inf,inf,786.8239955669883,inf
7,59,inf,inf,inf,1230.298337802665,inf
7,60,inf,inf,inf,83.21658488546619,inf
7,61,inf,inf,inf,151.4199458459816,inf
7,62,inf,inf,inf,426.00469480981076,inf
7,63,inf,inf,inf,908.9180381090475,inf
7,64,inf,inf,inf,622.3961760807982,inf
7,65,inf,inf,inf,1201.5406776301834,inf
7,66,inf,inf,inf,1147.2528056187093,inf
7,67,inf,inf,inf,587.8885948885214,inf
7,68,inf,inf,inf,954.0634150830856,inf
7,69,inf,inf,inf,178.3704011320264,inf
7,70,inf,inf,inf,122.3315167894194,inf
7,71,inf,inf,inf,517.0473866097768,inf
7,72,inf,inf,inf,1141.2313525311158,inf
7,73,inf,inf,inf,85.70297544426332,inf
7,74,inf,inf,inf,970.9057626773053,inf
7,75,inf,inf,inf,667.0119938951623,inf
7,76,inf,inf,inf,920.2010649852564,inf
7,77,inf,inf,inf,746.1454281840772,inf
7,78,inf,inf,inf,127.81627439414747,inf
7,79,inf,inf,inf,1188.491480827692,inf
7,80,inf,inf,inf,182.16750533506243,inf
7,81,inf,inf,inf,1076.0041821480063,inf
7,82,inf,inf,inf,464.4588248704076,inf
7,83,inf,inf,inf,336.1859604445135,inf
7,84,inf,inf,inf,1181.68058289878,inf
7,85,inf,inf,inf,269.2842364491468,inf
7,86,inf,inf,inf,385.77843381920667,inf
7,87,inf,inf,inf,154.39235732380018,inf
7,88,inf,inf,inf,1007.0511407073625,inf
7,89,inf,inf,inf,721.3390326330608,inf
7,90,inf,inf,inf,257.18670261115756,inf
7,91,inf,inf,inf,690.8610569427111,inf
7,92,inf,inf,inf,501.5974481593781,inf
7,93,inf,inf,inf,359.9013753794225,inf
7,94,inf,inf,inf,343.3322006453808,inf
7,95,inf,inf,inf,150.88074761214565,inf
7,96,inf,inf,inf,1082.3017139411727,inf
7,97,inf,inf,inf,1240.6292758112716,inf
7,98,inf,inf,inf,1169.0697156286276,inf
7,99,inf,inf,inf,316.10124960208555,inf
7,100,inf,inf,inf,276.87542325024083,inf
7,101,inf,inf,inf,1127.7907607353413,inf
7,102,inf,inf,inf,436.04128244926534,inf
7,103,inf,inf,inf,63.60031446463138,inf
7,104,inf,inf,inf,614.7332754943399,inf
7,105,inf,inf,inf,449.38736074794093,inf
7,106,inf,inf,inf,1235.8195661179668,inf
7,107,inf,inf,inf,486.2396528462071,inf
7,108,inf,inf,inf,540.2268042220786,inf
7,109,inf,inf,inf,601.0424277869242,inf
7,110,inf,inf,inf,879.3321329281672,inf
7,111,inf,inf,inf,1200.1220771238234,inf
7,112,inf,inf,inf,969.0082558987823,inf
7,113,inf,inf,inf,306.18458485038076,inf
7,114,inf,inf,inf,1176.9218325785278,inf
7,115,inf,inf,inf,761.1340223639986,inf
7,116,inf,inf,inf,1139.1984023865202,inf
7,117,inf,inf,inf,594.9159604515582,inf
7,118,inf,inf,inf,450.8214724256155,inf
7,119,inf,inf,inf,277.46170906991836,inf
7,120,inf,inf,inf,895.0810019210552,inf
7,121,inf,inf,inf,590.4117207508672,inf
7,122,inf,inf,inf,591.8825897084657,inf
7,123,inf,inf,inf,1205.1344323352478,inf
7,124,inf,inf,inf,202.07176942858692,inf
7,125,inf,inf,inf,974.2381639003884,inf
7,126,inf,inf,inf,1228.9674527830264,inf
7,127,inf,inf,inf,1225.1669274021397,inf
7,128,inf,inf,inf,348.38197427536346,inf
7,129,inf,inf,inf,1144.3093987204684,inf
7,130,inf,inf,inf,491.1995521170596,inf
7,131,inf,inf,inf,1019.2153844992725,inf
7,132,inf,inf,inf,1240.990733245015,inf
7,133,inf,inf,inf,318.2341904949875,inf
7,134,inf,inf,inf,954.6109155043221,inf
7,135,inf,inf,inf,652.898920201282,inf
7,136,inf,inf,inf,946.321826864413,inf
7,137,inf,inf,inf,1235.082183500353,inf
7,138,inf,inf,inf,1205.1891967653876,inf
7,139,inf,inf,inf,527.8806683332891,inf
7,140,inf,inf,inf,621.7153689591404,inf
7,141,inf,inf,inf,557.886189110288,inf
7,142,inf,inf,inf,258.3118270617898,inf
7,143,inf,inf,inf,880.8178018182875,inf
7,144,inf,inf,inf,262.6175927084855,inf
7,145,inf,inf,inf,1111.62088861266,inf
7,146,inf,inf,inf,219.9681795169474,inf
7,147,inf,inf,inf,1008.1438389436302,inf
7,148,inf,inf,inf,774.3209928705278,inf
7,149,inf,inf,inf,1003.6896930824786,inf
7,150,inf,inf,inf,537.5434866129438,inf
7,151,inf,inf,inf,755.5289537800653,inf
7,152,inf,inf,inf,58.82176467941097,inf
7,153,inf,inf,inf,396.547601177967,inf
7,154,inf,inf,inf,237.17082451262846,inf
7,155,inf,inf,inf,332.3431961090824,inf
7,156,inf,inf,inf,457.40354174404905,inf
7,157,inf,inf,inf,1077.5091646942035,inf
7,158,inf,inf,inf,382.04973498224024,inf
7,159,inf,inf,inf,351.6887828748594,inf
7,160,inf,inf,inf,400.8241509689754,inf
7,161,inf,inf,inf,484.4512359360847,inf
7,162,inf,inf,inf,413.1742973612952,inf
7,163,inf,inf,inf,335.5294323900662,inf
7,164,inf,inf,inf,727.5960417704318,inf
7,165,inf,inf,inf,771.4797469797895,inf
7,166,inf,inf,inf,392.48566852816424,inf
7,167,inf,inf,inf,1034.3742069483365,inf
7,168,inf,inf,inf,134.79243302203577,inf
7,169,inf,inf,inf,1110.0063062883921,inf
7,170,inf,inf,inf,1122.6833925911615,inf
8,9,inf,inf,inf,951.9590327319763,inf
8,10,inf,inf,inf,858.0745888324627,inf
8,11,inf,inf,inf,339.22853653547486,inf
8,12,inf,inf,inf,857.4013062737891,inf
8,13,inf,inf,inf,687.3267054319947,inf
8,14,inf,inf,inf,407.7952917825315,inf
8,15,inf,inf,inf,667.2158571257131,inf
8,16,inf,inf,inf,961.4593075112435,inf
8,17,inf,inf,inf,717.3513783356103,inf
8,18,inf,inf,inf,458.31212072123947,inf
8,19,inf,inf,inf,1049.3736226911747,inf
8,20,inf,inf,inf,794.6628215790645,inf
8,21,inf,inf,inf,1318.6603050065623,inf
8,22,inf,inf,inf,738.2194795587557,inf
8,23,inf,inf,inf,748.7703252667002,inf
8,24,inf,inf,inf,532.9024300939151,inf
8,25,inf,inf,inf,724.9606885893883,inf
8,26,inf,inf,inf,1003.1016897603154,inf
8,27,inf,inf,inf,511.61411239331545,inf
8,28,inf,inf,inf,1279.7632593569797,inf
8,29,inf,inf,inf,1018.707514451523,inf
8,30,inf,inf,inf,300.12330799189857,inf
8,31,inf,inf,inf,819.57183943813,inf
8,32,inf,inf,inf,443.9391850242553,inf
8,33,inf,inf,inf,977.2108267922537,inf
8,34,inf,inf,inf,719.8090024443984,inf
8,35,inf,inf,inf,244.5240274492468,inf
8,36,inf,inf,inf,109.29318368498559,inf
8,37,inf,inf,inf,767.7629842601166,inf
8,38,inf,inf,inf,1041.5877303424807,inf
8,39,inf,inf,inf,782.2953406482746,inf
8,40,inf,inf,inf,713.6119393620037,inf
8,41,inf,inf,inf,962.6551822953014,inf
8,42,inf,inf,inf,872.4247818580121,inf
8,43,inf,inf,inf,1400.9204117293743,inf
8,44,inf,inf,inf,719.7923311622596,inf
8,45,inf,inf,inf,672.63437319245,inf
8,46,inf,inf,inf,1431.553352131872,inf
8,47,inf,inf,inf,431.80666970300496,inf
8,48,inf,inf,inf,1445.764157807213,inf
8,49,inf,inf,inf,715.3355855820399,inf
8,50,inf,inf,inf,1188.7236853028546,inf
8,51,inf,inf,inf,1072.1049388935767,inf
8,52,inf,inf,inf,214.11212016137713,inf
8,53,inf,inf,inf,576.8370653832848,inf
8,54,inf,inf,inf,1464.9211582880494,inf
8,55,inf,inf,inf,1478.3724158682073,inf
8,56,inf,inf,inf,520.6169417143473,inf
8,57,inf,inf,inf,447.25160704015366,inf
8,58,inf,inf,inf,1336.1605442460873,inf
8,59,inf,inf,inf,1326.063723958996,inf
8,60,inf,inf,inf,630.5457953233849,inf
8,61,inf,inf,inf,560.1794355382925,inf
8,62,inf,inf,inf,298.0956222422597,inf
8,63,inf,inf,inf,1374.1604709785536,inf
8,64,inf,inf,inf,108.81176406988355,inf
8,65,inf,inf,inf,1264.1174787178602,inf
8,66,inf,inf,inf,1377.1652043237223,inf
8,67,inf,inf,inf,783.0108556080178,inf
8,68,inf,inf,inf,837.2633994150228,inf
8,69,inf,inf,inf,614.8601467000443,inf
8,70,inf,inf,inf,631.3049976041691,inf
8,71,inf,inf,inf,547.1754745965868,inf
8,72,inf,inf,inf,957.9530259882266,inf
8,73,inf,inf,inf,556.7710480978694,inf
8,74,inf,inf,inf,1103.5963936149847,inf
8,75,inf,inf,inf,1048.7783369234892,inf
8,76,inf,inf,inf,548.620998504432,inf
8,77,inf,inf,inf,519.8711378793787,inf
8,78,inf,inf,inf,566.0830327787612,inf
8,79,inf,inf,inf,1162.9862423949821,inf
8,80,inf,inf,inf,458.2401117318299,inf
8,81,inf,inf,inf,858.2365641243678,inf
8,82,inf,inf,inf,976.8710252638267,inf
8,83,inf,inf,inf,422.927889834662,inf
8,84,inf,inf,inf,1276.8022556371052,inf
8,85,inf,inf,inf,782.9080405769249,inf
8,86,inf,inf,inf,915.092345066879,inf
8,87,inf,inf,inf,538.3400412378778,inf
8,88,inf,inf,inf,1169.72005197825,inf
8,89,inf,inf,inf,816.3706266151422,inf
8,90,inf,inf,inf,814.249347558842,inf
8,91,inf,inf,inf,1017.5185501994546,inf
8,92,inf,inf,inf,1088.1328043947576,inf
8,93,inf,inf,inf,937.0080042347557,inf
8,94,inf,inf,inf,764.8529270389178,inf
8,95,inf,inf,inf,700.6425622241344,inf
8,96,inf,inf,inf,1387.2173585995815,inf
8,97,inf,inf,inf,1332.6019660798943,inf
8,98,inf,inf,inf,1034.4104601172592,inf
8,99,inf,inf,inf,500.3608697730069,inf
8,100,inf,inf,inf,865.2103790408435,inf
8,101,inf,inf,inf,1296.180928728702,inf
8,102,inf,inf,inf,532.4631442644645,inf
8,103,inf,inf,inf,647.47200711691,inf
8,104,inf,inf,inf,1044.0076628071272,inf
8,105,inf,inf,inf,1034.852646515435,inf
8,106,inf,inf,inf,1441.252580223189,inf
8,107,inf,inf,inf,940.6083138054862,inf
8,108,inf,inf,inf,606.9019690197091,inf
8,109,inf,inf,inf,940.8852214802823,inf
8,110,inf,inf,inf,646.7178673888637,inf
8,111,inf,inf,inf,1135.383635605164,inf
8,112,inf,inf,inf,1062.040488870363,inf
8,113,inf,inf,inf,426.00469480981076,inf
8,114,inf,inf,inf,1064.0451118256217,inf
8,115,inf,inf,inf,268.00746258266764,inf
8,116,inf,inf,inf,1305.1727854962346,inf
8,117,inf,inf,inf,753.7453150766511,inf
8,118,inf,inf,inf,784.3755478085736,inf
8,119,inf,inf,inf,339.8028840372018,inf
8,120,inf,inf,inf,666.8140670381812,inf
8,121,inf,inf,inf,675.5923326977594,inf
8,122,inf,inf,inf,507.61008658221124,inf
8,123,inf,inf,inf,1155.5405661420978,inf
8,124,inf,inf,inf,457.21985958617324,inf
8,125,inf,inf,inf,886.0592530976695,inf
8,126,inf,inf,inf,1224.9734691004537,inf
8,127,inf,inf,inf,1225.523969573831,inf
8,128,inf,inf,inf,365.3833603217311,inf
8,129,inf,inf,inf,1049.6023056377114,inf
8,130,inf,inf,inf,556.8841890375413,inf
8,131,inf,inf,inf,720.0506926598988,inf
8,132,inf,inf,inf,1278.8420543601153,inf
8,133,inf,inf,inf,329.9121095079718,inf
8,134,inf,inf,inf,958.6015856444219,inf
8,135,inf,inf,inf,973.2307023517086,inf
8,136,inf,inf,inf,931.2239258094693,inf
8,137,inf,inf,inf,1438.2367677124653,inf
8,138,inf,inf,inf,1341.543141311527,inf
8,139,inf,inf,inf,348.742024998422,inf
8,140,inf,inf,inf,1203.2875799242672,inf
8,141,inf,inf,inf,987.0612949558907,inf
8,142,inf,inf,inf,840.0047618912645,inf
8,143,inf,inf,inf,1399.1000679007918,inf
8,144,inf,inf,inf,491.248409666637,inf
8,145,inf,inf,inf,1287.1557792279846,inf
8,146,inf,inf,inf,368.7994034702334,inf
8,147,inf,inf,inf,1463.2310138867342,inf
8,148,inf,inf,inf,1040.696881901738,inf
8,149,inf,inf,inf,1157.8644134785386,inf
8,150,inf,inf,inf,1105.204053557532,inf
8,151,inf,inf,inf,1056.7331735116486,inf
8,152,inf,inf,inf,529.8764006822723,inf
8,153,inf,inf,inf,215.3903433304288,inf
8,154,inf,inf,inf,352.4386471430169,inf
8,155,inf,inf,inf,280.7080333727555,inf
8,156,inf,inf,inf,1044.2820500228854,inf
8,157,inf,inf,inf,1476.879480526424,inf
8,158,inf,inf,inf,964.745044040134,inf
8,159,inf,inf,inf,701.0064193714634,inf
8,160,inf,inf,inf,989.0748202234248,inf
8,161,inf,inf,inf,886.0203157941696,inf
8,162,inf,inf,inf,718.5095684818679,inf
8,163,inf,inf,inf,826.661357509833,inf
8,164,inf,inf,inf,770.5796519504003,inf
8,165,inf,inf,inf,1085.7716150277645,inf
8,166,inf,inf,inf,750.0959938567863,inf
8,167,inf,inf,inf,1066.1074054709497,inf
8,168,inf,inf,inf,453.9823785126467,inf
8,169,inf,inf,inf,1248.0821287078827,inf
8,170,inf,inf,inf,1486.8291764691733,inf
9,10,inf,inf,inf,1370.5801691254692,inf
9,11,inf,inf,inf,646.2584622269948,inf
9,12,inf,inf,inf,546.1876966757857,inf
9,13,inf,inf,inf,665.4832830357199,inf
9,14,inf,inf,inf,547.3618547176995,inf
9,15,inf,inf,inf,839.1310982200577,inf
9,16,inf,inf,inf,480.1770506802673,inf
9,17,inf,inf,inf,878.0461263510022,inf
9,18,inf,inf,inf,554.8224941366383,inf
9,19,inf,inf,inf,1448.1771300500502,inf
9,20,inf,inf,inf,1186.9056407313935,inf
9,21,inf,inf,inf,574.9478237196832,inf
9,22,inf,inf,inf,603.1401163908764,inf
9,23,inf,inf,inf,776.4695744200155,inf
9,24,inf,inf,inf,718.7857817180304,inf
9,25,inf,inf,inf,1345.1728513466217,inf
9,26,inf,inf,inf,1168.8648339307672,inf
9,27,inf,inf,inf,440.41003621625157,inf
9,28,inf,inf,inf,1460.938054812729,inf
9,29,inf,inf,inf,843.7493703701355,inf
9,30,inf,inf,inf,1114.2172140117025,inf
9,31,inf,inf,inf,982.5884184133253,inf
9,32,inf,inf,inf,1242.045087748428,inf
9,33,inf,inf,inf,837.9719565713401,inf
9,34,inf,inf,inf,636.8555566217508,inf
9,35,inf,inf,inf,786.2887510323418,inf
9,36,inf,inf,inf,1028.4536936585914,inf
9,37,inf,inf,inf,198.33809518093088,inf
9,38,inf,inf,inf,778.4837827469497,inf
9,39,inf,inf,inf,1317.8436933111605,inf
9,40,inf,inf,inf,667.3230102431655,inf
9,41,inf,inf,inf,1457.7328287446915,inf
9,42,inf,inf,inf,94.64142856064674,inf
9,43,inf,inf,inf,745.0100670460769,inf
9,44,inf,inf,inf,968.5953747566627,inf
9,45,inf,inf,inf,1170.0961498953836,inf
9,46,inf,inf,inf,1072.9105274905266,inf
9,47,inf,inf,inf,756.7436818368556,inf
9,48,inf,inf,inf,878.1116102182,inf
9,49,inf,inf,inf,517.4717383587243,inf
9,50,inf,inf,inf,466.80402740336336,inf
9,51,inf,inf,inf,680.4711602999793,inf
9,52,inf,inf,inf,773.6575469805746,inf
9,53,inf,inf,inf,655.085490604089,inf
9,54,inf,inf,inf,970.8470528358213,inf
9,55,inf,inf,inf,1234.7926951517004,inf
9,56,inf,inf,inf,1096.9867820534575,inf
9,57,inf,inf,inf,672.6187627475166,inf
9,58,inf,inf,inf,598.6259266019139,inf
9,59,inf,inf,inf,1423.4061261635768,inf
9,60,inf,inf,inf,375.2572450999447,inf
9,61,inf,inf,inf,484.3727903175404,inf
9,62,inf,inf,inf,800.1481112894037,inf
9,63,inf,inf,inf,840.3719414640162,inf
9,64,inf,inf,inf,995.832315201711,inf
9,65,inf,inf,inf,1414.7413191110238,inf
9,66,inf,inf,inf,1265.5315088926075,inf
9,67,inf,inf,inf,826.0217914801037,inf
9,68,inf,inf,inf,1263.4824889961872,inf
9,69,inf,inf,inf,467.73176073471853,inf
9,70,inf,inf,inf,405.2307984346698,inf
9,71,inf,inf,inf,842.9264499349869,inf
9,72,inf,inf,inf,1458.3552379307314,inf
9,73,inf,inf,inf,395.2163964209987,inf
9,74,inf,inf,inf,1171.1793201726198,inf
9,75,inf,inf,inf,745.0328851802449,inf
9,76,inf,inf,inf,1287.8652879862861,inf
9,77,inf,inf,inf,1100.4326421912428,inf
9,78,inf,inf,inf,463.34436437707967,inf
9,79,inf,inf,inf,1444.3770283412846,inf
9,80,inf,inf,inf,552.7838637297583,inf
9,81,inf,inf,inf,1406.6314371575804,inf
9,82,inf,inf,inf,449.9611094305818,inf
9,83,inf,inf,inf,695.7082721946032,inf
9,84,inf,inf,inf,1379.4817867590714,inf
9,85,inf,inf,inf,209.05740838343903,inf
9,86,inf,inf,inf,384.8324310657822,inf
9,87,inf,inf,inf,499.1873395830467,inf
9,88,inf,inf,inf,1185.3931837158505,inf
9,89,inf,inf,inf,979.6616762944236,inf
9,90,inf,inf,inf,143.38758663147937,inf
9,91,inf,inf,inf,812.1145239435137,inf
9,92,inf,inf,inf,234.1644721130855,inf
9,93,inf,inf,inf,239.26972228010797,inf
9,94,inf,inf,inf,519.116557239316,inf
9,95,inf,inf,inf,252.1150531007619,inf
9,96,inf,inf,inf,1151.6640135039386,inf
9,97,inf,inf,inf,1434.9250851525317,inf
9,98,inf,inf,inf,1468.7358509956784,inf
9,99,inf,inf,inf,654.077212567446,inf
9,100,inf,inf,inf,140.28898745090436,inf
9,101,inf,inf,inf,1288.5639293414977,inf
9,102,inf,inf,inf,761.8037805104409,inf
9,103,inf,inf,inf,313.35921878891645,inf
9,104,inf,inf,inf,657.8525670695525,inf
9,105,inf,inf,inf,213.90184664934523,inf
9,106,inf,inf,inf,1361.8461733984495,inf
9,107,inf,inf,inf,547.8996258440044,inf
9,108,inf,inf,inf,848.4762813420302,inf
9,109,inf,inf,inf,736.584686237774,inf
9,110,inf,inf,inf,1225.3040439009415,inf
9,111,inf,inf,inf,1471.5712690862103,inf
9,112,inf,inf,inf,1190.685516834735,inf
9,113,inf,inf,inf,667.4683513096332,inf
9,114,inf,inf,inf,1468.3766546768577,inf
9,115,inf,inf,inf,1137.81281413069,inf
9,116,inf,inf,inf,1300.24997596616,inf
9,117,inf,inf,inf,850.1917430791715,inf
9,118,inf,inf,inf,646.7433803294781,inf
9,119,inf,inf,inf,654.2812850754635,inf
9,120,inf,inf,inf,1239.075865312532,inf
9,121,inf,inf,inf,879.8891975697849,inf
9,122,inf,inf,inf,934.3543225136812,inf
9,123,inf,inf,inf,1470.0217685463028,inf
9,124,inf,inf,inf,569.2416007285483,inf
9,125,inf,inf,inf,1272.371408040907,inf
9,126,inf,inf,inf,1472.199035456823,inf
9,127,inf,inf,inf,1466.691855844301,inf
9,128,inf,inf,inf,643.5440932834362,inf
9,129,inf,inf,inf,1431.2948682923445,inf
9,130,inf,inf,inf,811.9618217625753,inf
9,131,inf,inf,inf,1371.6242196753453,inf
9,132,inf,inf,inf,1463.3868251422793,inf
9,133,inf,inf,inf,643.0054432117973,inf
9,134,inf,inf,inf,1219.4199440717705,inf
9,135,inf,inf,inf,789.3541663917408,inf
9,136,inf,inf,inf,1219.896716939594,inf
9,137,inf,inf,inf,1362.703562775118,inf
9,138,inf,inf,inf,1377.5122503992477,inf
9,139,inf,inf,inf,895.7549888222784,inf
9,140,inf,inf,inf,360.73397400300405,inf
9,141,inf,inf,inf,620.622268372639,inf
9,142,inf,inf,inf,223.10983842045155,inf
9,143,inf,inf,inf,738.3014289570351,inf
9,144,inf,inf,inf,608.7864978791825,inf
9,145,inf,inf,inf,1269.7165037912991,inf
9,146,inf,inf,inf,590.6208597738485,inf
9,147,inf,inf,inf,938.2243868073351,inf
9,148,inf,inf,inf,922.8412647904297,inf
9,149,inf,inf,inf,1187.4830525106454,inf
9,150,inf,inf,inf,357.8295683701949,inf
9,151,inf,inf,inf,881.9688203105595,inf
9,152,inf,inf,inf,434.0103685397389,inf
9,153,inf,inf,inf,771.5264091397001,inf
9,154,inf,inf,inf,608.9113235931814,inf
9,155,inf,inf,inf,708.5936776460823,inf
9,156,inf,inf,inf,124.90396310766124,inf
9,157,inf,inf,inf,1061.2789454238691,inf
9,158,inf,inf,inf,45.0,inf
9,159,inf,inf,inf,584.1438179078847,inf
9,160,inf,inf,inf,149.40214188558343,inf
9,161,inf,inf,inf,606.2227313455014,inf
9,162,inf,inf,inf,645.9489143887464,inf
9,163,inf,inf,inf,434.3051922323748,inf
9,164,inf,inf,inf,1007.280000794218,inf
9,165,inf,inf,inf,884.0192305600597,inf
9,166,inf,inf,inf,597.0008375203505,inf
9,167,inf,inf,inf,1278.408776565618,inf
9,168,inf,inf,inf,507.7341824222592,inf
9,169,inf,inf,inf,1290.8249300350533,inf
9,170,inf,inf,inf,1135.560214167439,inf
10,11,inf,inf,inf,1065.269918846862,inf
10,12,inf,inf,inf,904.7922413460451,inf
10,13,inf,inf,inf,717.3855309385602,inf
10,14,inf,inf,inf,968.310384122777,inf
10,15,inf,inf,inf,539.2708039566021,inf
10,16,inf,inf,inf,1037.261779880084,inf
10,17,inf,inf,inf,513.8608761133698,inf
10,18,inf,inf,inf,1159.5145535955985,inf
10,19,inf,inf,inf,213.5158073773462,inf
10,20,inf,inf,inf,200.06249023742558,inf
10,21,inf,inf,inf,1381.6298346518145,inf
10,22,inf,inf,inf,792.8303727784399,inf
10,23,inf,inf,inf,630.8922253443927,inf
10,24,inf,inf,inf,656.6589678059685,inf
10,25,inf,inf,inf,169.0562036720333,inf
10,26,inf,inf,inf,425.8462163739394,inf
10,27,inf,inf,inf,1056.136828256642,inf
10,28,inf,inf,inf,533.975654875763,inf
10,29,inf,inf,inf,773.5819284342157,inf
10,30,inf,inf,inf,578.0051902881149,inf
10,31,inf,inf,inf,455.6862956025779,inf
10,32,inf,inf,inf,481.82361918029716,inf
10,33,inf,inf,inf,737.5398294329602,inf
10,34,inf,inf,inf,754.6263976299796,inf
10,35,inf,inf,inf,751.8643494673756,inf
10,36,inf,inf,inf,769.670708809943,inf
10,37,inf,inf,inf,1184.607952024635,inf
10,38,inf,inf,inf,857.7231488073527,inf
10,39,inf,inf,inf,75.8023746329889,inf
10,40,inf,inf,inf,723.4984450570713,inf
10,41,inf,inf,inf,105.47511554864494,inf
10,42,inf,inf,inf,1340.4062816922337,inf
10,43,inf,inf,inf,1347.8197208825816,inf
10,44,inf,inf,inf,418.1686262741384,inf
10,45,inf,inf,inf,212.52999788265186,inf
10,46,inf,inf,inf,1094.8118559825703,inf
10,47,inf,inf,inf,650.006923040055,inf
10,48,inf,inf,inf,1292.7838179680314,inf
10,49,inf,inf,inf,864.3893798514648,inf
10,50,inf,inf,inf,1293.5609765295178,inf
10,51,inf,inf,inf,976.8648831849777,inf
10,52,inf,inf,inf,804.4376918071405,inf
10,53,inf,inf,inf,716.1012498243527,inf
10,54,inf,inf,inf,1236.8354781457394,inf
10,55,inf,inf,inf,1020.0436265180034,inf
10,56,inf,inf,inf,346.63237009835075,inf
10,57,inf,inf,inf,731.3617435988842,inf
10,58,inf,inf,inf,1386.052307815257,inf
10,59,inf,inf,inf,631.8552049322693,inf
10,60,inf,inf,inf,1009.8118636657028,inf
10,61,inf,inf,inf,902.4860109719153,inf
10,62,inf,inf,inf,690.1340449506893,inf
10,63,inf,inf,inf,1220.9787057930207,inf
10,64,inf,inf,inf,752.2153946842619,inf
10,65,inf,inf,inf,548.1103903412159,inf
10,66,inf,inf,inf,842.9116205154606,inf
10,67,inf,inf,inf,598.3861629416242,inf
10,68,inf,inf,inf,130.17680284904833,inf
10,69,inf,inf,inf,905.8680919427508,inf
10,70,inf,inf,inf,972.1573946640534,inf
10,71,inf,inf,inf,531.6060571513459,inf
10,72,inf,inf,inf,101.83319694480774,inf
10,73,inf,inf,inf,1091.0774491299874,inf
10,74,inf,inf,inf,549.9245402780276,inf
10,75,inf,inf,inf,895.3859503029964,inf
10,76,inf,inf,inf,371.95295401434845,inf
10,77,inf,inf,inf,346.10114128676315,inf
10,78,inf,inf,inf,926.1673714831461,inf
10,79,inf,inf,inf,377.3181681287028,inf
10,80,inf,inf,inf,874.1464408209874,inf
10,81,inf,inf,inf,53.23532661682466,inf
10,82,inf,inf,inf,1074.639009156098,inf
10,83,inf,inf,inf,718.0027855099171,inf
10,84,inf,inf,inf,596.4059020499378,inf
10,85,inf,inf,inf,1315.3938573674427,inf
10,86,inf,inf,inf,1075.7369566952693,inf
10,87,inf,inf,inf,894.0615191361275,inf
10,88,inf,inf,inf,623.6449310304703,inf
10,89,inf,inf,inf,456.71106840101874,inf
10,90,inf,inf,inf,1289.8255696023398,inf
10,91,inf,inf,inf,801.9600987580367,inf
10,92,inf,inf,inf,1356.8290238640977,inf
10,93,inf,inf,inf,1200.0083333043983,inf
10,94,inf,inf,inf,879.5385153590489,inf
10,95,inf,inf,inf,1195.8361091721558,inf
10,96,inf,inf,inf,959.2830656276592,inf
10,97,inf,inf,inf,632.113913784533,inf
10,98,inf,inf,inf,183.25119372053214,inf
10,99,inf,inf,inf,730.9616953028387,inf
10,100,inf,inf,inf,1232.7225965317582,inf
10,101,inf,inf,inf,704.7077408401301,inf
10,102,inf,inf,inf,613.6358855216993,inf
10,103,inf,inf,inf,1100.7815405428998,inf
10,104,inf,inf,inf,966.9353649546592,inf
10,105,inf,inf,inf,1308.154425134892,inf
10,106,inf,inf,inf,854.2113321655245,inf
10,107,inf,inf,inf,964.3920364664984,inf
10,108,inf,inf,inf,522.220260043595,inf
10,109,inf,inf,inf,799.2202449888266,inf
10,110,inf,inf,inf,211.3575170179665,inf
10,111,inf,inf,inf,318.4273857569415,inf
10,112,inf,inf,inf,476.2541338403269,inf
10,113,inf,inf,inf,748.0026737920126,inf
10,114,inf,inf,inf,222.03603311174518,inf
10,115,inf,inf,inf,640.2811882290467,inf
10,116,inf,inf,inf,707.2481884034769,inf
10,117,inf,inf,inf,558.4335233490195,inf
10,118,inf,inf,inf,772.9094384208282,inf
10,119,inf,inf,inf,836.4125776194426,inf
10,120,inf,inf,inf,191.26160095534075,inf
10,121,inf,inf,inf,499.16430160819795,inf
10,122,inf,inf,inf,458.0392996239515,inf
10,123,inf,inf,inf,347.96838936891953,inf
10,124,inf,inf,inf,851.2590674994306,inf
10,125,inf,inf,inf,165.9548131269473,inf
10,126,inf,inf,inf,445.8923636933021,inf
10,127,inf,inf,inf,450.7604685417744,inf
10,128,inf,inf,inf,1105.7327886971607,inf
10,129,inf,inf,inf,225.03555274667156,inf
10,130,inf,inf,inf,560.6317864695151,inf
10,131,inf,inf,inf,205.8761763779384,inf
10,132,inf,inf,inf,530.7438176747798,inf
10,133,inf,inf,inf,1041.4000192049164,inf
10,134,inf,inf,inf,315.54555930958685,inf
10,135,inf,inf,inf,779.6473561809852,inf
10,136,inf,inf,inf,282.57742301889584,inf
10,137,inf,inf,inf,848.9740867659036,inf
10,138,inf,inf,inf,693.0064934760712,inf
10,139,inf,inf,inf,574.6659899454639,inf
10,140,inf,inf,inf,1408.3042995034843,inf
10,141,inf,inf,inf,943.407653138345,inf
10,142,inf,inf,inf,1157.2467325510147,inf
10,143,inf,inf,inf,1351.2960445439037,inf
10,144,inf,inf,inf,783.7837712022366,inf
10,145,inf,inf,inf,708.7242058798331,inf
10,146,inf,inf,inf,929.5036309773083,inf
10,147,inf,inf,inf,1264.089000031248,inf
10,148,inf,inf,inf,721.4721061829072,inf
10,149,inf,inf,inf,605.6418083322848,inf
10,150,inf,inf,inf,1278.2237675774927,inf
10,151,inf,inf,inf,778.1086042449344,inf
10,152,inf,inf,inf,1009.6420157659843,inf
10,153,inf,inf,inf,806.1048318922298,inf
10,154,inf,inf,inf,914.7595312430475,inf
10,155,inf,inf,inf,820.8221488239702,inf
10,156,inf,inf,inf,1391.1351479996472,inf
10,157,inf,inf,inf,1172.7987892217488,inf
10,158,inf,inf,inf,1353.582284163028,inf
10,159,inf,inf,inf,798.5799897317738,inf
10,160,inf,inf,inf,1306.6005510484067,inf
10,161,inf,inf,inf,872.3783582826892,inf
10,162,inf,inf,inf,745.5601920703652,inf
10,163,inf,inf,inf,980.9918450221694,inf
10,164,inf,inf,inf,398.016331323226,inf
10,165,inf,inf,inf,808.6779334197267,inf
10,166,inf,inf,inf,803.1388422931617,inf
10,167,inf,inf,inf,390.7492802296634,inf
10,168,inf,inf,inf,968.4048740067349,inf
10,169,inf,inf,inf,633.5747785384137,inf
10,170,inf,inf,inf,1120.9643170056752,inf
11,12,inf,inf,inf,721.4436914964327,inf
11,13,inf,inf,inf,625.8897666522437,inf
11,14,inf,inf,inf,182.3869512876401,inf
11,15,inf,inf,inf,695.1122211556923,inf
11,16,inf,inf,inf,786.9180389341701,inf
11,17,inf,inf,inf,751.9607702533424,inf
11,18,inf,inf,inf,119.40686747419514,inf
11,19,inf,inf,inf,1224.3680002352235,inf
11,20,inf,inf,inf,945.8461819978976,inf
11,21,inf,inf,inf,1098.3282751527431,inf
11,22,inf,inf,inf,640.8650403946216,inf
11,23,inf,inf,inf,729.1536189308807,inf
11,24,inf,inf,inf,520.4546089718103,inf
11,25,inf,inf,inf,966.7781544904705,inf
11,26,inf,inf,inf,1082.2499711249707,inf
11,27,inf,inf,inf,231.8641843838759,inf
11,28,inf,inf,inf,1385.9184680203955,inf
11,29,inf,inf,inf,965.553209305422,inf
11,30,inf,inf,inf,593.472830043634,inf
11,31,inf,inf,inf,874.4426796537324,inf
11,32,inf,inf,inf,741.610409851426,inf
11,33,inf,inf,inf,931.8996727116069,inf
11,34,inf,inf,inf,640.3475618755801,inf
11,35,inf,inf,inf,313.4645115479582,inf
11,36,inf,inf,inf,439.3825212727516,inf
11,37,inf,inf,inf,485.18862311476346,inf
11,38,inf,inf,inf,958.3824914928277,inf
11,39,inf,inf,inf,993.2381386153071,inf
11,40,inf,inf,inf,649.4074221934948,inf
11,41,inf,inf,inf,1169.7542476947883,inf
11,42,inf,inf,inf,558.5848189845477,inf
11,43,inf,inf,inf,1214.565766025043,inf
11,44,inf,inf,inf,796.0006281404557,inf
11,45,inf,inf,inf,856.3089395773,inf
11,46,inf,inf,inf,1349.9174048807579,inf
11,47,inf,inf,inf,457.1881450781505,inf
11,48,inf,inf,inf,1292.056500312583,inf
11,49,inf,inf,inf,579.7732315310875,inf
11,50,inf,inf,inf,966.8278026618805,inf
11,51,inf,inf,inf,946.4887743655495,inf
11,52,inf,inf,inf,262.4804754643667,inf
11,53,inf,inf,inf,521.6291786317173,inf
11,54,inf,inf,inf,1337.7570780975147,inf
11,55,inf,inf,inf,1440.4835993512734,inf
11,56,inf,inf,inf,721.3667583136888,inf
11,57,inf,inf,inf,408.0024509730303,inf
11,58,inf,inf,inf,1118.8266174881612,inf
11,59,inf,inf,inf,1403.6897805426952,inf
11,60,inf,inf,inf,403.7920256765851,inf
11,61,inf,inf,inf,390.3549666649574,inf
11,62,inf,inf,inf,376.6656342168741,inf
11,63,inf,inf,inf,1227.8293855418187,inf
11,64,inf,inf,inf,419.49016675006817,inf
11,65,inf,inf,inf,1357.8928529158698,inf
11,66,inf,inf,inf,1380.9055000252552,inf
11,67,inf,inf,inf,778.2814400973468,inf
11,68,inf,inf,inf,1007.2030579778836,inf
11,69,inf,inf,inf,446.8702272472401,inf
11,70,inf,inf,inf,426.3824574252557,inf
11,71,inf,inf,inf,604.7520152922187,inf
11,72,inf,inf,inf,1166.8461766659734,inf
11,73,inf,inf,inf,266.73207531153804,inf
11,74,inf,inf,inf,1153.6728305719953,inf
11,75,inf,inf,inf,951.590247953393,inf
11,76,inf,inf,inf,828.1044620094738,inf
11,77,inf,inf,inf,722.6077774283916,inf
11,78,inf,inf,inf,381.3895646186455,inf
11,79,inf,inf,inf,1299.9480758861102,inf
11,80,inf,inf,inf,309.7418279793674,inf
11,81,inf,inf,inf,1079.871288626566,inf
11,82,inf,inf,inf,789.8765726365101,inf
11,83,inf,inf,inf,402.0447736260229,inf
11,84,inf,inf,inf,1353.4031180694094,inf
11,85,inf,inf,inf,458.0010917017557,inf
11,86,inf,inf,inf,713.9649851358258,inf
11,87,inf,inf,inf,373.1728821873315,inf
11,88,inf,inf,inf,1205.6521057087737,inf
11,89,inf,inf,inf,870.8484368706187,inf
11,90,inf,inf,inf,503.3587190066345,inf
11,91,inf,inf,inf,952.6069493762892,inf
11,92,inf,inf,inf,818.6043000131382,inf
11,93,inf,inf,inf,688.8976701949282,inf
11,94,inf,inf,inf,627.353170072488,inf
11,95,inf,inf,inf,397.0793371607241,inf
11,96,inf,inf,inf,1346.6699669926556,inf
11,97,inf,inf,inf,1412.4588489580856,inf
11,98,inf,inf,inf,1222.229520180232,inf
11,99,inf,inf,inf,447.7242454904581,inf
11,100,inf,inf,inf,586.8398418648823,inf
11,101,inf,inf,inf,1332.905473017498,inf
11,102,inf,inf,inf,546.1547399776001,inf
11,103,inf,inf,inf,374.5183573604904,inf
11,104,inf,inf,inf,916.4387595469759,inf
11,105,inf,inf,inf,769.469947431347,inf
11,106,inf,inf,inf,1460.5632475178882,inf
11,107,inf,inf,inf,793.1229412896843,inf
11,108,inf,inf,inf,653.5457137798396,inf
11,109,inf,inf,inf,864.3477309509177,inf
11,110,inf,inf,inf,864.0833293149452,inf
11,111,inf,inf,inf,1291.561845209125,inf
11,112,inf,inf,inf,1132.1316177900871,inf
11,113,inf,inf,inf,381.3712102401019,inf
11,114,inf,inf,inf,1242.0708514412534,inf
11,115,inf,inf,inf,585.702996406882,inf
11,116,inf,inf,inf,1343.5028842544402,inf
11,117,inf,inf,inf,766.6915937976626,inf
11,118,inf,inf,inf,700.3120732930427,inf
11,119,inf,inf,inf,255.80070367377803,inf
11,120,inf,inf,inf,883.3510061125193,inf
11,121,inf,inf,inf,721.4187410928552,inf
11,122,inf,inf,inf,626.6163100335004,inf
11,123,inf,inf,inf,1304.6509111635955,inf
11,124,inf,inf,inf,326.4751139060985,inf
11,125,inf,inf,inf,1043.8529589937464,inf
11,126,inf,inf,inf,1352.7231793681958,inf
11,127,inf,inf,inf,1351.0236859507681,inf
11,128,inf,inf,inf,40.85339643163099,inf
11,129,inf,inf,inf,1217.9757797263458,inf
11,130,inf,inf,inf,594.9554605178441,inf
11,131,inf,inf,inf,974.3885262050246,inf
11,132,inf,inf,inf,1386.2038089689408,inf
11,133,1.0,27.2132,27.213203435596434,25.80697580112788,1.0544902140144252
11,134,inf,inf,inf,1071.7392406737752,inf
11,135,inf,inf,inf,909.9725270578227,inf
11,136,inf,inf,inf,1053.080243856089,inf
11,137,inf,inf,inf,1458.7875102289572,inf
11,138,inf,inf,inf,1397.3439089930582,inf
11,139,inf,inf,inf,490.6495694485016,inf
11,140,inf,inf,inf,944.4199277863635,inf
11,141,inf,inf,inf,857.649112399704,inf
11,142,inf,inf,inf,586.436697351044,inf
11,143,inf,inf,inf,1210.9867877066206,inf
11,144,inf,inf,inf,404.500927069395,inf
11,145,inf,inf,inf,1319.6097908093893,inf
11,146,inf,inf,inf,184.8053029542172,inf
11,147,inf,inf,inf,1325.2263957528162,inf
11,148,inf,inf,inf,1012.3171439820626,inf
11,149,inf,inf,inf,1198.1093439248357,inf
11,150,inf,inf,inf,868.0737295875276,inf
11,151,inf,inf,inf,1008.63719939332,inf
11,152,inf,inf,inf,285.2805636562014,inf
11,153,inf,inf,inf,260.63959791251983,inf
11,154,inf,inf,inf,187.49133313302778,inf
11,155,inf,inf,inf,249.08833774386147,inf
11,156,inf,inf,inf,752.9946878962693,inf
11,157,inf,inf,inf,1377.836347321408,inf
11,158,inf,inf,inf,667.1918764493464,inf
11,159,inf,inf,inf,598.3259980980268,inf
11,160,inf,inf,inf,713.1766961980741,inf
11,161,inf,inf,inf,769.2307846153844,inf
11,162,inf,inf,inf,643.5060217278468,inf
11,163,inf,inf,inf,650.1699777750431,inf
11,164,inf,inf,inf,850.0782316940013,inf
11,165,inf,inf,inf,1031.057709345117,inf
11,166,inf,inf,inf,648.5984890515857,inf
11,167,inf,inf,inf,1169.422507052092,inf
11,168,inf,inf,inf,230.26940743398808,inf
11,169,inf,inf,inf,1300.280354385161,inf
11,170,inf,inf,inf,1411.0481919480992,inf
12,13,inf,inf,inf,214.02102700435768,inf
12,14,inf,inf,inf,539.4849395488255,inf
12,15,inf,inf,inf,375.598189559002,inf
12,16,inf,inf,inf,136.517398158623,inf
12,17,inf,inf,inf,391.3693907295255,inf
12,18,inf,inf,inf,717.1004113790481,inf
12,19,inf,inf,inf,938.6298524977777,inf
12,20,inf,inf,inf,706.5974808899335,inf
12,21,inf,inf,inf,510.79741581178735,inf
12,22,inf,inf,inf,135.69450983735487,inf
12,23,inf,inf,inf,273.90509305231984,inf
12,24,inf,inf,inf,362.6844358392017,inf
12,25,inf,inf,inf,927.8453534937813,inf
12,26,inf,inf,inf,632.2040809738577,inf
12,27,inf,inf,inf,519.3476677525374,inf
12,28,inf,inf,inf,916.3323632831049,inf
12,29,inf,inf,inf,305.00491799313664,inf
12,30,inf,inf,inf,861.7685304070925,inf
12,31,inf,inf,inf,467.15843136991543,inf
12,32,inf,inf,inf,942.4038412485382,inf
12,33,inf,inf,inf,293.4620929523948,inf
12,34,inf,inf,inf,170.42300314218147,inf
12,35,inf,inf,inf,615.4421175057813,inf
12,36,inf,inf,inf,878.3279569727927,inf
12,37,inf,inf,inf,425.5643312120977,inf
12,38,inf,inf,inf,258.9903473104741,inf
12,39,inf,inf,inf,868.75830931278,inf
12,40,inf,inf,inf,196.23710148695125,inf
12,41,inf,inf,inf,975.6526021079429,inf
12,42,inf,inf,inf,561.4499087184894,inf
12,43,inf,inf,inf,551.2395123718909,inf
12,44,inf,inf,inf,486.83672827756124,inf
12,45,inf,inf,inf,734.6414091242067,inf
12,46,inf,inf,inf,633.6955104780213,inf
12,47,inf,inf,inf,458.53026072441503,inf
12,48,inf,inf,inf,589.0033955759508,inf
12,49,inf,inf,inf,145.38225476308997,inf
12,50,inf,inf,inf,400.94513340356184,inf
12,51,inf,inf,inf,225.28204544525957,inf
12,52,inf,inf,inf,644.2802185384866,inf
12,53,inf,inf,inf,296.62434155004877,inf
12,54,inf,inf,inf,619.5361167841629,inf
12,55,inf,inf,inf,749.9653325321111,inf
12,56,inf,inf,inf,719.8840184363033,inf
12,57,inf,inf,inf,413.9770525041213,inf
12,58,inf,inf,inf,522.0153254455275,inf
12,59,inf,inf,inf,877.4018463623154,inf
12,60,inf,inf,inf,344.22812203537353,inf
12,61,inf,inf,inf,331.44531977386555,inf
12,62,inf,inf,inf,578.1695253124294,inf
12,63,inf,inf,inf,518.7562047821693,inf
12,64,inf,inf,inf,838.0841246557532,inf
12,65,inf,inf,inf,869.2456499747353,inf
12,66,inf,inf,inf,740.5167114927252,inf
12,67,inf,inf,inf,310.517310306527,inf
12,68,inf,inf,inf,782.3074843052443,inf
12,69,inf,inf,inf,274.5906043549196,inf
12,70,inf,inf,inf,307.18886698576824,inf
12,71,inf,inf,inf,445.4054332852261,inf
12,72,inf,inf,inf,977.9902862503287,inf
12,73,inf,inf,inf,513.0077972116993,inf
12,74,inf,inf,inf,625.3654931318165,inf
12,75,inf,inf,inf,239.88538930080756,inf
12,76,inf,inf,inf,942.5210872972551,inf
12,77,inf,inf,inf,724.2244127340641,inf
12,78,inf,inf,inf,340.3894827987492,inf
12,79,inf,inf,inf,910.8501523302283,inf
12,80,inf,inf,inf,423.43476475131325,inf
12,81,inf,inf,inf,949.6530945561121,inf
12,82,inf,inf,inf,171.40011668607463,inf
12,83,inf,inf,inf,440.7777217600726,inf
12,84,inf,inf,inf,833.2976659033674,inf
12,85,inf,inf,inf,602.6557889873787,inf
12,86,inf,inf,inf,178.70926109186397,inf
12,87,inf,inf,inf,349.86425939212484,inf
12,88,inf,inf,inf,639.9062431325389,inf
12,89,inf,inf,inf,464.8978382397578,inf
12,90,inf,inf,inf,535.3213987876816,inf
12,91,inf,inf,inf,277.31750756127894,inf
12,92,inf,inf,inf,461.78783006917797,inf
12,93,inf,inf,inf,323.02476685232665,inf
12,94,inf,inf,inf,95.524865872714,inf
12,95,inf,inf,inf,504.59984145855617,inf
12,96,inf,inf,inf,658.3259071311109,inf
12,97,inf,inf,inf,888.8785068838148,inf
12,98,inf,inf,inf,967.0594604262966,inf
12,99,inf,inf,inf,362.4362012823774,inf
12,100,inf,inf,inf,412.0825160086266,inf
12,101,inf,inf,inf,746.9672014218563,inf
12,102,inf,inf,inf,390.26657556085945,inf
12,103,inf,inf,inf,430.69827025424655,inf
12,104,inf,inf,inf,195.3279293905508,inf
12,105,inf,inf,inf,418.890200410561,inf
12,106,inf,inf,inf,833.9076687499642,inf
12,107,inf,inf,inf,84.64632301523794,inf
12,108,inf,inf,inf,416.53451237562535,inf
12,109,inf,inf,inf,193.54586019855861,inf
12,110,inf,inf,inf,812.7834890055285,inf
12,111,inf,inf,inf,946.3302806103163,inf
12,112,inf,inf,inf,648.340188481325,inf
12,113,inf,inf,inf,432.560978360277,inf
12,114,inf,inf,inf,958.7121570106431,inf
12,115,inf,inf,inf,914.6873782883417,inf
12,116,inf,inf,inf,758.6705477346541,inf
12,117,inf,inf,inf,347.0864445638867,inf
12,118,inf,inf,inf,132.5745073534124,inf
12,119,inf,inf,inf,528.2281703960894,inf
12,120,inf,inf,inf,820.5912502580076,inf
12,121,inf,inf,inf,412.2353696615563,inf
12,122,inf,inf,inf,552.641836997526,inf
12,123,inf,inf,inf,940.8108205160057,inf
12,124,inf,inf,inf,414.79754097631775,inf
12,125,inf,inf,inf,776.9813382572326,inf
12,126,inf,inf,inf,933.0342973331688,inf
12,127,inf,inf,inf,927.0005393741689,inf
12,128,inf,inf,inf,748.9098744174762,inf
12,129,inf,inf,inf,918.7404421271549,inf
12,130,inf,inf,inf,413.0435812356851,inf
12,131,inf,inf,inf,964.4729130462919,inf
12,132,inf,inf,inf,918.9396062854186,inf
12,133,inf,inf,inf,700.446286306095,inf
12,134,inf,inf,inf,696.6046224365726,inf
12,135,inf,inf,inf,247.54191564258366,inf
12,136,inf,inf,inf,703.600028425241,inf
12,137,inf,inf,inf,834.0095922709762,inf
12,138,inf,inf,inf,833.8974757126922,inf
12,139,inf,inf,inf,608.2318636835791,inf
12,140,inf,inf,inf,503.51762630517715,inf
12,141,inf,inf,inf,136.40014662748717,inf
12,142,inf,inf,inf,327.98323127867377,inf
12,143,inf,inf,inf,550.5633478538142,inf
12,144,inf,inf,inf,366.2676616901907,inf
12,145,inf,inf,inf,728.6789416471427,inf
12,146,inf,inf,inf,548.3885483851756,inf
12,147,inf,inf,inf,611.6158925338681,inf
12,148,inf,inf,inf,380.3117142555564,inf
12,149,inf,inf,inf,641.5426720024163,inf
12,150,inf,inf,inf,373.47155179477863,inf
12,151,inf,inf,inf,346.56024007378574,inf
12,152,inf,inf,inf,450.12442724206824,inf
12,153,inf,inf,inf,643.2246885809033,inf
12,154,inf,inf,inf,554.6332121321261,inf
12,155,inf,inf,inf,582.1236981948081,inf
12,156,inf,inf,inf,521.3463340237466,inf
12,157,inf,inf,inf,656.8485365744526,inf
12,158,inf,inf,inf,513.6555265934554,inf
12,159,inf,inf,inf,161.68178623456632,inf
12,160,inf,inf,inf,436.04128244926534,inf
12,161,inf,inf,inf,62.64982043070834,inf
12,162,inf,inf,inf,177.4288589829738,inf
12,163,inf,inf,inf,114.76933388322858,inf
12,164,inf,inf,inf,510.31362905570137,inf
12,165,inf,inf,inf,355.88340787398334,inf
12,166,inf,inf,inf,122.29881438509533,inf
12,167,inf,inf,inf,742.3651392677326,inf
12,168,inf,inf,inf,491.4560000651126,inf
12,169,inf,inf,inf,745.4998323272782,inf
12,170,inf,inf,inf,696.2944779330079,inf
13,14,inf,inf,inf,450.0411092333677,inf
13,15,inf,inf,inf,178.13758727455584,inf
13,16,inf,inf,inf,349.1618535865566,inf
13,17,inf,inf,inf,212.59586073110643,inf
13,18,inf,inf,inf,656.3474689522311,inf
13,19,inf,inf,inf,782.6985371137473,inf
13,20,inf,inf,inf,525.8184097195533,inf
13,21,inf,inf,inf,724.8041114673674,inf
13,22,inf,inf,inf,80.65977932030313,inf
13,23,inf,inf,inf,121.1486689980538,inf
13,24,inf,inf,inf,160.25292509030842,inf
13,25,inf,inf,inf,723.1500535850081,inf
13,26,inf,inf,inf,522.4758367618545,inf
13,27,inf,inf,inf,475.3367227555641,inf
13,28,inf,inf,inf,828.5167469641154,inf
13,29,inf,inf,inf,343.56513210743606,inf
13,30,inf,inf,inf,654.6602172119518,inf
13,31,inf,inf,inf,321.80118085550896,inf
13,32,inf,inf,inf,729.3284582408669,inf
13,33,inf,inf,inf,307.23443817384793,inf
13,34,inf,inf,inf,43.60045871318328,inf
13,35,inf,inf,inf,443.21777942677346,inf
13,36,inf,inf,inf,691.740558302027,inf
13,37,inf,inf,inf,496.53398675216584,inf
13,38,inf,inf,inf,354.81967250985394,inf
13,39,inf,inf,inf,673.5131773024192,inf
13,40,inf,inf,inf,26.30589287593181,inf
13,41,inf,inf,inf,797.9279416087645,inf
13,42,inf,inf,inf,651.5189943508938,inf
13,43,inf,inf,inf,755.4415927125009,inf
13,44,inf,inf,inf,304.6850833237492,inf
13,45,inf,inf,inf,532.8461316365166,inf
13,46,inf,inf,inf,747.759988231518,inf
13,47,inf,inf,inf,262.68802789621,inf
13,48,inf,inf,inf,772.0233157100892,inf
13,49,inf,inf,inf,148.85227576359054,inf
13,50,inf,inf,inf,613.457414984936,inf
13,51,inf,inf,inf,393.9098881724093,inf
13,52,inf,inf,inf,483.001035195578,inf
13,53,inf,inf,inf,112.36102527122117,inf
13,54,inf,inf,inf,780.0025640983496,inf
13,55,inf,inf,inf,817.8245533120169,inf
13,56,inf,inf,inf,506.79384368794376,inf
13,57,inf,inf,inf,244.00819658363937,inf
13,58,inf,inf,inf,735.8131556312377,inf
13,59,inf,inf,inf,817.5212535463528,inf
13,60,inf,inf,inf,345.34909873923226,inf
13,61,inf,inf,inf,267.44158240632663,inf
13,62,inf,inf,inf,393.0814165029937,inf
13,63,inf,inf,inf,697.9147512411527,inf
13,64,inf,inf,inf,651.5596672600292,inf
13,65,inf,inf,inf,789.2534447184884,inf
13,66,inf,inf,inf,756.6306893062163,inf
13,67,inf,inf,inf,175.32826355154492,inf
13,68,inf,inf,inf,602.7404084678577,inf
13,69,inf,inf,inf,235.8495283014151,inf
13,70,inf,inf,inf,301.14448359549937,inf
13,71,inf,inf,inf,231.4584195919431,inf
13,72,inf,inf,inf,799.2121120203321,inf
13,73,inf,inf,inf,488.4669896727925,inf
13,74,inf,inf,inf,558.2947250332928,inf
13,75,inf,inf,inf,361.7319449537185,inf
13,76,inf,inf,inf,728.7228554121244,inf
13,77,inf,inf,inf,511.09685970469434,inf
13,78,inf,inf,inf,288.5064990602465,inf
13,79,inf,inf,inf,788.4954026498823,inf
13,80,inf,inf,inf,317.9213739275798,inf
13,81,inf,inf,inf,758.4668746886709,inf
13,82,inf,inf,inf,381.24139334547607,inf
13,83,inf,inf,inf,265.55978611228016,inf
13,84,inf,inf,inf,768.7977627438831,inf
13,85,inf,inf,inf,656.1105089845764,inf
13,86,inf,inf,inf,364.44478319767455,inf
13,87,inf,inf,inf,274.40116617827994,inf
13,88,inf,inf,inf,597.482217308599,inf
13,89,inf,inf,inf,318.6110481449129,inf
13,90,inf,inf,inf,609.3701666474984,inf
13,91,inf,inf,inf,335.87199942835366,inf
13,92,inf,inf,inf,640.8595790030762,inf
13,93,inf,inf,inf,482.6282213049709,inf
13,94,inf,inf,inf,163.37074401495514,inf
13,95,inf,inf,inf,539.7425312127997,inf
13,96,inf,inf,inf,724.1892017974309,inf
13,97,inf,inf,inf,827.7934524988707,inf
13,98,inf,inf,inf,803.7791985365135,inf
13,99,inf,inf,inf,191.9713520294109,inf
13,100,inf,inf,inf,525.3237097257271,inf
13,101,inf,inf,inf,721.0443814357061,inf
13,102,inf,inf,inf,180.01388835309348,inf
13,103,inf,inf,inf,446.5355528958473,inf
13,104,inf,inf,inf,368.30693721405794,inf
13,105,inf,inf,inf,591.2444502910788,inf
13,106,inf,inf,inf,839.3384299554025,inf
13,107,inf,inf,inf,294.33654207386485,inf
13,108,inf,inf,inf,206.81392603013947,inf
13,109,inf,inf,inf,254.37177516383377,inf
13,110,inf,inf,inf,605.800297127692,inf
13,111,inf,inf,inf,809.450430847992,inf
13,112,inf,inf,inf,556.8841890375413,inf
13,113,inf,inf,inf,268.86799735186037,inf
13,114,inf,inf,inf,802.8960082102788,inf
13,115,inf,inf,inf,711.1300865523832,inf
13,116,inf,inf,inf,732.2144494613583,inf
13,117,inf,inf,inf,188.40912929048847,inf
13,118,inf,inf,inf,100.2845950283492,inf
13,119,inf,inf,inf,389.30707674020005,inf
13,120,inf,inf,inf,615.0812954398792,inf
13,121,inf,inf,inf,218.51544567833184,inf
13,122,inf,inf,inf,338.74178956839677,inf
13,123,inf,inf,inf,810.2246602023416,inf
13,124,inf,inf,inf,299.61308382645774,inf
13,125,inf,inf,inf,607.8527782284128,inf
13,126,inf,inf,inf,823.6953320251366,inf
13,127,inf,inf,inf,819.2588113654928,inf
13,128,inf,inf,inf,660.6882774803863,inf
13,129,inf,inf,inf,765.9771537062969,inf
13,130,inf,inf,inf,199.0226117806718,inf
13,131,inf,inf,inf,757.8001055687442,inf
13,132,inf,inf,inf,830.1114383021113,inf
13,133,inf,inf,inf,601.4815042875383,inf
13,134,inf,inf,inf,558.1621628165062,inf
13,135,inf,inf,inf,291.6779045454078,inf
13,136,inf,inf,inf,556.0,inf
13,137,inf,inf,inf,837.9576361606833,inf
13,138,inf,inf,inf,794.9289276407043,inf
13,139,inf,inf,inf,403.01985062773275,inf
13,140,inf,inf,inf,703.2389352133455,inf
13,141,inf,inf,inf,316.4806471176397,inf
13,142,inf,inf,inf,445.360528111776,inf
13,143,inf,inf,inf,755.5957914123132,inf
13,144,inf,inf,inf,223.14345161801185,inf
13,145,inf,inf,inf,705.9065093905849,inf
13,146,inf,inf,inf,441.16323509558225,inf
13,147,inf,inf,inf,781.6655294945531,inf
13,148,inf,inf,inf,386.42981251451084,inf
13,149,inf,inf,inf,593.0328827307976,inf
13,150,inf,inf,inf,575.1956188984752,inf
13,151,inf,inf,inf,385.5191305240247,inf
13,152,inf,inf,inf,406.60668956621953,inf
13,153,inf,inf,inf,482.4738334873716,inf
13,154,inf,inf,inf,440.4781492877938,inf
13,155,inf,inf,inf,431.65379646193315,inf
13,156,inf,inf,inf,674.8873980154023,inf
13,157,inf,inf,inf,789.9525302193797,inf
13,158,inf,inf,inf,643.460177477985,inf
13,159,inf,inf,inf,82.0,inf
13,160,inf,inf,inf,589.8177684675157,inf
13,161,inf,inf,inf,215.05813167606567,inf
13,162,inf,inf,inf,37.12142238654117,inf
13,163,inf,inf,inf,265.452443951831,inf
13,164,inf,inf,inf,341.796723214252,inf
13,165,inf,inf,inf,410.50456757507584,inf
13,166,inf,inf,inf,93.34880824091971,inf
13,167,inf,inf,inf,628.1791145843675,inf
13,168,inf,inf,inf,414.4514446832101,inf
13,169,inf,inf,inf,698.9628030160117,inf
13,170,inf,inf,inf,805.2484088776581,inf
14,15,inf,inf,inf,539.5349849639039,inf
14,16,inf,inf,inf,610.1450647182193,inf
14,17,inf,inf,inf,595.8338694636283,inf
14,18,inf,inf,inf,211.91743675309024,inf
14,19,inf,inf,inf,1106.7041158322309,inf
14,20,inf,inf,inf,825.602810072737,inf
14,21,inf,inf,inf,937.3718579091225,inf
14,22,inf,inf,inf,459.7879946236091,inf
14,23,inf,inf,inf,559.0169943749474,inf
14,24,inf,inf,inf,363.6701802457826,inf
14,25,inf,inf,inf,893.9043573000414,inf
14,26,inf,inf,inf,930.2311540687078,inf
14,27,inf,inf,inf,110.67971810589327,inf
14,28,inf,inf,inf,1237.7095782129184,inf
14,29,inf,inf,inf,786.0432558072107,inf
14,30,inf,inf,inf,583.0823269487765,inf
14,31,inf,inf,inf,720.1284607623837,inf
14,32,inf,inf,inf,722.114256887371,inf
14,33,inf,inf,inf,753.6179403384715,inf
14,34,inf,inf,inf,461.27648975424705,inf
14,35,inf,inf,inf,255.3918557824427,inf
14,36,inf,inf,inf,481.1319985201566,inf
14,37,inf,inf,inf,360.0013888862097,inf
14,38,inf,inf,inf,776.4946876830517,inf
14,39,inf,inf,inf,900.9334048640887,inf
14,40,inf,inf,inf,472.46693005966034,inf
14,41,inf,inf,inf,1069.640126397659,inf
14,42,inf,inf,inf,473.2800439486119,inf
14,43,inf,inf,inf,1043.2319972086746,inf
14,44,inf,inf,inf,651.9892637152855,inf
14,45,inf,inf,inf,755.8002381582054,inf
14,46,inf,inf,inf,1167.5863993726546,inf
14,47,inf,inf,inf,324.27457501321317,inf
14,48,inf,inf,inf,1114.3540729947551,inf
14,49,inf,inf,inf,397.39652741311164,inf
14,50,inf,inf,inf,805.6829401197471,inf
14,51,inf,inf,inf,764.6829408323426,inf
14,52,inf,inf,inf,230.53199344125753,inf
14,53,inf,inf,inf,351.5480052567501,inf
14,54,inf,inf,inf,1156.9775278716522,inf
14,55,inf,inf,inf,1260.4459528278078,inf
14,56,inf,inf,inf,638.9593101285872,inf
14,57,inf,inf,inf,255.66579747787932,inf
14,58,inf,inf,inf,956.8155517130771,inf
14,59,inf,inf,inf,1246.316974128171,inf
14,60,inf,inf,inf,236.31546711969574,inf
14,61,inf,inf,inf,208.12496246245908,inf
14,62,inf,inf,inf,293.0187707297947,inf
14,63,inf,inf,inf,1048.8584270529554,inf
14,64,inf,inf,inf,449.08017101626746,inf
14,65,inf,inf,inf,1205.9850745345068,inf
14,66,inf,inf,inf,1206.666896869223,inf
14,67,inf,inf,inf,610.246671437051,inf
14,68,inf,inf,inf,893.309017081995,inf
14,69,inf,inf,inf,265.1263849563072,inf
14,70,inf,inf,inf,251.127457678367,inf
14,71,inf,inf,inf,466.2295571925915,inf
14,72,inf,inf,inf,1067.7850907368954,inf
14,73,inf,inf,inf,156.60459763365824,inf
14,74,inf,inf,inf,991.8276059880568,inf
14,75,inf,inf,inf,769.2600340587051,inf
14,76,inf,inf,inf,788.3869608257103,inf
14,77,inf,inf,inf,641.1871801588051,inf
14,78,inf,inf,inf,200.35218990567586,inf
14,79,inf,inf,inf,1164.3384387711333,inf
14,80,inf,inf,inf,132.27622613304328,inf
14,81,inf,inf,inf,990.5498473070398,inf
14,82,inf,inf,inf,615.884729474599,inf
14,83,inf,inf,inf,259.02316498722655,inf
14,84,inf,inf,inf,1196.3047270658092,inf
14,85,inf,inf,inf,398.27879682453596,inf
14,86,inf,inf,inf,543.0331481594839,inf
14,87,inf,inf,inf,190.79046097748179,inf
14,88,inf,inf,inf,1039.5325872717988,inf
14,89,inf,inf,inf,716.5263428513986,inf
14,90,inf,inf,inf,414.3971524998694,inf
14,91,inf,inf,inf,772.0006476681222,inf
14,92,inf,inf,inf,683.1251715461816,inf
14,93,inf,inf,inf,538.2053511439663,inf
14,94,inf,inf,inf,445.1213317737086,inf
14,95,inf,inf,inf,299.7148644962408,inf
14,96,inf,inf,inf,1166.6571904377051,inf
14,97,inf,inf,inf,1255.6404740211267,inf
14,98,inf,inf,inf,1110.8087144058602,inf
14,99,inf,inf,inf,284.5698508275253,inf
14,100,inf,inf,inf,457.6898513185539,inf
14,101,inf,inf,inf,1165.6363069156691,inf
14,102,inf,inf,inf,396.31300760888485,inf
14,103,inf,inf,inf,239.67686580060246,inf
14,104,inf,inf,inf,734.6625075502357,inf
14,105,inf,inf,inf,630.6924765684145,inf
14,106,inf,inf,inf,1288.6589929069676,inf
14,107,inf,inf,inf,612.4026453241364,inf
14,108,inf,inf,inf,506.92109839697935,inf
14,109,inf,inf,inf,683.2627605833644,inf
14,110,inf,inf,inf,781.368670987006,inf
14,111,inf,inf,inf,1164.03651145486,inf
14,112,inf,inf,inf,976.3262774298354,inf
14,113,inf,inf,inf,231.97629189208106,inf
14,114,inf,inf,inf,1125.4443566876153,inf
14,115,inf,inf,inf,597.3985269483011,inf
14,116,inf,inf,inf,1176.5054186020564,inf
14,117,inf,inf,inf,603.6000331345252,inf
14,118,inf,inf,inf,519.8499783591416,inf
14,119,inf,inf,inf,134.8369385591352,inf
14,120,inf,inf,inf,799.1407885973534,inf
14,121,inf,inf,inf,570.4121317082938,inf
14,122,inf,inf,inf,512.3719352189383,inf
14,123,inf,inf,inf,1173.8896881734672,inf
14,124,inf,inf,inf,152.3056138164316,inf
14,125,inf,inf,inf,923.1121275338115,inf
14,126,inf,inf,inf,1212.6932835634902,inf
14,127,inf,inf,inf,1210.177672905925,inf
14,128,inf,inf,inf,213.00234740490538,inf
14,129,inf,inf,inf,1097.385984966092,inf
14,130,inf,inf,inf,449.72547181586236,inf
14,131,inf,inf,inf,909.4283919033977,inf
14,132,inf,inf,inf,1238.3997739017882,inf
14,133,inf,inf,inf,160.96272860510285,inf
14,134,inf,inf,inf,931.7907490418651,inf
14,135,inf,inf,inf,729.784214682669,inf
14,136,inf,inf,inf,916.9651029346754,inf
14,137,inf,inf,inf,1287.1332487353436,inf
14,138,inf,inf,inf,1234.0879223134793,inf
14,139,inf,inf,inf,407.9534287146022,inf
14,140,inf,inf,inf,802.1633250155481,inf
14,141,inf,inf,inf,675.8054453761082,inf
14,142,inf,inf,inf,438.0011415510238,inf
14,143,inf,inf,inf,1040.094226500657,inf
14,144,inf,inf,inf,234.88720697390056,inf
14,145,inf,inf,inf,1151.4968519279591,inf
14,146,1.0,49.6985,49.698484809834994,46.06517122512408,1.0788733328908
14,147,inf,inf,inf,1145.506874706564,inf
14,148,inf,inf,inf,835.6895356530438,inf
14,149,inf,inf,inf,1033.129711120535,inf
14,150,inf,inf,inf,713.0504890959686,inf
14,151,inf,inf,inf,829.402194354464,inf
14,152,inf,inf,inf,124.06449935416659,inf
14,153,inf,inf,inf,228.31995094603536,inf
14,154,inf,inf,inf,64.88451279003334,inf
14,155,inf,inf,inf,172.8120366178236,inf
14,156,inf,inf,inf,636.5233695631292,inf
14,157,inf,inf,inf,1195.5760118035155,inf
14,158,inf,inf,inf,557.826137788469,inf
14,159,inf,inf,inf,417.25891242728414,inf
14,160,inf,inf,inf,582.3057616063918,inf
14,161,inf,inf,inf,586.8466579950848,inf
14,162,inf,inf,inf,465.0,inf
14,163,inf,inf,inf,472.3557981013888,inf
14,164,inf,inf,inf,704.9198536003934,inf
14,165,inf,inf,inf,850.9788481507634,inf
14,166,inf,inf,inf,467.11561737968043,inf
14,167,inf,inf,inf,1023.7235955080844,inf
14,168,inf,inf,inf,52.08646657242167,inf
14,169,inf,inf,inf,1137.1024580045546,inf
14,170,inf,inf,inf,1228.7986002596194,inf
15,16,inf,inf,inf,511.7665483401587,inf
15,17,inf,inf,inf,56.85068161420758,inf
15,18,inf,inf,inf,751.3620964621518,inf
15,19,inf,inf,inf,612.1601097752123,inf
15,20,inf,inf,inf,348.54268031332975,inf
15,21,inf,inf,inf,877.9794986216933,inf
15,22,inf,inf,inf,254.48968544913564,inf
15,23,inf,inf,inf,115.83609109426992,inf
15,24,inf,inf,inf,176.11927776367924,inf
15,25,inf,inf,inf,552.2544703304809,inf
15,26,inf,inf,inf,390.7172890978847,inf
15,27,inf,inf,inf,593.8956137234893,inf
15,28,inf,inf,inf,698.6680184465295,inf
15,29,inf,inf,inf,373.5906851087163,inf
15,30,inf,inf,inf,558.1549963943708,inf
15,31,inf,inf,inf,180.62391868188442,inf
15,32,inf,inf,inf,603.0829130393266,inf
15,33,inf,inf,inf,329.34176777323586,inf
15,34,inf,inf,inf,216.00462958001617,inf
15,35,inf,inf,inf,440.5825688789787,inf
15,36,inf,inf,inf,643.3241795549114,inf
15,37,inf,inf,inf,662.399426328254,inf
15,38,inf,inf,inf,423.70980635335786,inf
15,39,inf,inf,inf,496.65380296540565,inf
15,40,inf,inf,inf,185.23768515072737,inf
15,41,inf,inf,inf,620.4546719946591,inf
15,42,inf,inf,inf,818.7917928264792,inf
15,43,inf,inf,inf,883.8761225420675,inf
15,44,inf,inf,inf,130.13838787997952,inf
15,45,inf,inf,inf,359.22694776422327,inf
15,46,inf,inf,inf,786.2544117523285,inf
15,47,inf,inf,inf,248.8051446413438,inf
15,48,inf,inf,inf,873.8747049777788,inf
15,49,inf,inf,inf,325.96012026013244,inf
15,50,inf,inf,inf,775.1883642057587,inf
15,51,inf,inf,inf,505.8082640685104,inf
15,52,inf,inf,inf,492.29767417691505,inf
15,53,inf,inf,inf,203.2732151563506,inf
15,54,inf,inf,inf,858.7927573052767,inf
15,55,inf,inf,inf,813.0498139720592,inf
15,56,inf,inf,inf,357.72754995946286,inf
15,57,inf,inf,inf,287.6056327682057,inf
15,58,inf,inf,inf,886.4863225115207,inf
15,59,inf,inf,inf,708.8497725188321,inf
15,60,inf,inf,inf,497.86042220686716,inf
15,61,inf,inf,inf,401.2605138809449,inf
15,62,inf,inf,inf,374.4142091320787,inf
15,63,inf,inf,inf,798.269378092383,inf
15,64,inf,inf,inf,605.409778579765,inf
15,65,inf,inf,inf,666.460801547998,inf
15,66,inf,inf,inf,712.1776463776437,inf
15,67,inf,inf,inf,124.03628501370073,inf
15,68,inf,inf,inf,425.4092147568033,inf
15,69,inf,inf,inf,387.68286008024654,inf
15,70,inf,inf,inf,455.7422517169107,inf
15,71,inf,inf,inf,122.37646832622684,inf
15,72,inf,inf,inf,621.5762221964414,inf
15,73,inf,inf,inf,617.0713086832023,inf
15,74,inf,inf,inf,459.6215834792792,inf
15,75,inf,inf,inf,446.83889714303075,inf
15,76,inf,inf,inf,582.4774673753484,inf
15,77,inf,inf,inf,362.19469902250086,inf
15,78,inf,inf,inf,424.98588211845345,inf
15,79,inf,inf,inf,636.2342335964012,inf
15,80,inf,inf,inf,413.69674883905,inf
15,81,inf,inf,inf,580.7452109143906,inf
15,82,inf,inf,inf,546.9405817819702,inf
15,83,inf,inf,inf,293.6954204614025,inf
15,84,inf,inf,inf,658.6174914166796,inf
15,85,inf,inf,inf,811.7561210117236,inf
15,86,inf,inf,inf,539.181787526248,inf
15,87,inf,inf,inf,400.2161915765028,inf
15,88,inf,inf,inf,516.1647023964347,inf
15,89,inf,inf,inf,177.0197729068705,inf
15,90,inf,inf,inf,773.0025873177916,inf
15,91,inf,inf,inf,383.11486528194126,inf
15,92,inf,inf,inf,818.223685797472,inf
15,93,inf,inf,inf,660.7397369615362,inf
15,94,inf,inf,inf,340.55983321583886,inf
15,95,inf,inf,inf,692.5207578116341,inf
15,96,inf,inf,inf,723.2627461718182,inf
15,97,inf,inf,inf,717.8001114516492,inf
15,98,inf,inf,inf,630.1571232637143,inf
15,99,inf,inf,inf,255.47211198093618,inf
15,100,inf,inf,inf,699.5441372779848,inf
15,101,inf,inf,inf,644.2251159338635,inf
15,102,inf,inf,inf,149.91330828182,inf
15,103,inf,inf,inf,596.7319331156998,inf
15,104,inf,inf,inf,486.3424719269334,inf
15,105,inf,inf,inf,769.065016757361,inf
15,106,inf,inf,inf,781.6009211867653,inf
15,107,inf,inf,inf,446.1894216585597,inf
15,108,inf,inf,inf,64.07027391856539,inf
15,109,inf,inf,inf,331.58106097906136,inf
15,110,inf,inf,inf,437.86413417862855,inf
15,111,inf,inf,inf,648.1396454468744,inf
15,112,inf,inf,inf,437.6768214105015,inf
15,113,inf,inf,inf,313.91240816508036,inf
15,114,inf,inf,inf,632.2285978979439,inf
15,115,inf,inf,inf,623.4621079103364,inf
15,116,inf,inf,inf,654.2789924795079,inf
15,117,inf,inf,inf,87.32124598286491,inf
15,118,inf,inf,inf,243.74166652421167,inf
15,119,inf,inf,inf,439.8920322079044,inf
15,120,inf,inf,inf,445.1516595498662,inf
15,121,inf,inf,inf,40.792156108742276,inf
15,122,inf,inf,inf,207.7137453323684,inf
15,123,inf,inf,inf,652.5067049463936,inf
15,124,inf,inf,inf,390.8669850473432,inf
15,125,inf,inf,inf,433.55507147304826,inf
15,126,inf,inf,inf,679.0647980863093,inf
15,127,inf,inf,inf,675.8047055177997,inf
15,128,inf,inf,inf,734.0190733216679,inf
15,129,inf,inf,inf,597.0410371155403,inf
15,130,inf,inf,inf,110.90987332063814,inf
15,131,inf,inf,inf,589.2113372975778,inf
15,132,inf,inf,inf,699.4883844639595,inf
15,133,inf,inf,inf,669.3795634765077,inf
15,134,inf,inf,inf,402.1243588742169,inf
15,135,inf,inf,inf,342.6149442158062,inf
15,136,inf,inf,inf,393.9098881724093,inf
15,137,inf,inf,inf,779.0776598003565,inf
15,138,inf,inf,inf,703.5744452437141,inf
15,139,inf,inf,inf,331.1193138432127,inf
15,140,inf,inf,inf,875.9223709895757,inf
15,141,inf,inf,inf,446.07286400318054,inf
15,142,inf,inf,inf,621.2930065597069,inf
15,143,inf,inf,inf,885.3078560591225,inf
15,144,inf,inf,inf,308.22394455979565,inf
15,145,inf,inf,inf,632.6365465257284,inf
15,146,inf,inf,inf,516.6120401229534,inf
15,147,inf,inf,inf,869.7631861604629,inf
15,148,inf,inf,inf,378.9419480606495,inf
15,149,inf,inf,inf,506.96844083236584,inf
15,150,inf,inf,inf,746.6491813428847,inf
15,151,inf,inf,inf,405.0999876573684,inf
15,152,inf,inf,inf,531.949245699249,inf
15,153,inf,inf,inf,492.585018042571,inf
15,154,inf,inf,inf,509.6076922496363,inf
15,155,inf,inf,inf,461.98917736241395,inf
15,156,inf,inf,inf,852.708625498769,inf
15,157,inf,inf,inf,843.046855162867,inf
15,158,inf,inf,inf,818.9993894991619,inf
15,159,inf,inf,inf,259.6324324887012,inf
15,160,inf,inf,inf,767.8033602427122,inf
15,161,inf,inf,inf,356.1867487709221,inf
15,162,inf,inf,inf,207.07728026029315,inf
15,163,inf,inf,inf,442.35958224051166,inf
15,164,inf,inf,inf,175.09426032854418,inf
15,165,inf,inf,inf,437.0,inf
15,166,inf,inf,inf,265.452443951831,inf
15,167,inf,inf,inf,486.62511238118407,inf
15,168,inf,inf,inf,517.4756032896623,inf
15,169,inf,inf,inf,606.7124524847005,inf
15,170,inf,inf,inf,836.301381082203,inf
16,17,inf,inf,inf,525.3046734991037,inf
16,18,inf,inf,inf,762.7856841865872,inf
16,19,inf,inf,inf,1060.9736094738644,inf
16,20,inf,inf,inf,838.1294649396357,inf
16,21,inf,inf,inf,377.8160928282436,inf
16,22,inf,inf,inf,269.2582403567252,inf
16,23,inf,inf,inf,407.4272941274308,inf
16,24,inf,inf,inf,491.4275124573308,inf
16,25,inf,inf,inf,1063.9943608873123,inf
16,26,inf,inf,inf,742.0168461699506,inf
16,27,inf,inf,inf,566.6506860491744,inf
16,28,inf,inf,inf,1011.0123639204419,inf
16,29,inf,inf,inf,373.6000535331867,inf
16,30,inf,inf,inf,988.7901698540495,inf
16,31,inf,inf,inf,592.7174706384147,inf
16,32,inf,inf,inf,1074.7660210483025,inf
16,33,inf,inf,inf,377.0,inf
16,34,inf,inf,inf,305.6550343115585,inf
16,35,inf,inf,inf,724.7979028667232,inf
16,36,inf,inf,inf,991.873479835004,inf
16,37,inf,inf,inf,408.08822575516683,inf
16,38,inf,inf,inf,300.4080558174165,inf
16,39,inf,inf,inf,1003.2277906836513,inf
16,40,inf,inf,inf,332.4484922510553,inf
16,41,inf,inf,inf,1105.094113639196,inf
16,42,inf,inf,inf,517.0348150753487,inf
16,43,inf,inf,inf,439.7385586914115,inf
16,44,inf,inf,inf,620.2491434899366,inf
16,45,inf,inf,inf,870.5199595643974,inf
16,46,inf,inf,inf,615.2991142525723,inf
16,47,inf,inf,inf,582.5607264483249,inf
16,48,inf,inf,inf,505.1989707036229,inf
16,49,inf,inf,inf,250.76881783826315,inf
16,50,inf,inf,inf,264.55245226608656,inf
16,51,inf,inf,inf,203.60009823180343,inf
16,52,inf,inf,inf,747.3740696598993,inf
16,53,inf,inf,inf,422.2096635559163,inf
16,54,inf,inf,inf,559.3728631244101,inf
16,55,inf,inf,inf,761.2075932359056,inf
16,56,inf,inf,inf,855.7861882503129,inf
16,57,inf,inf,inf,528.7513593363142,inf
16,58,inf,inf,inf,390.59057848340376,inf
16,59,inf,inf,inf,959.5441626105596,inf
16,60,inf,inf,inf,386.2641583165593,inf
16,61,inf,inf,inf,410.0012195103815,inf
16,62,inf,inf,inf,694.7582313294316,inf
16,63,inf,inf,inf,442.61156785606045,inf
16,64,inf,inf,inf,951.9600831967693,inf
16,65,inf,inf,inf,961.1685596189672,inf
16,66,inf,inf,inf,785.5418512084509,inf
16,67,inf,inf,inf,439.71126890267436,inf
16,68,inf,inf,inf,913.1188312591083,inf
16,69,inf,inf,inf,352.035509572543,inf
16,70,inf,inf,inf,360.5468069474475,inf
16,71,inf,inf,inf,580.538543078752,inf
16,72,inf,inf,inf,1107.7481663266249,inf
16,73,inf,inf,inf,549.5252496473661,inf
16,74,inf,inf,inf,718.0174092596919,inf
16,75,inf,inf,inf,265.2168923730161,inf
16,76,inf,inf,inf,1077.8427529097182,inf
16,77,inf,inf,inf,860.1081327368089,inf
16,78,inf,inf,inf,411.75963862428284,inf
16,79,inf,inf,inf,1020.5905153390364,inf
16,80,inf,inf,inf,510.3920062069938,inf
16,81,inf,inf,inf,1083.0004616804188,inf
16,82,inf,inf,inf,39.05124837953327,inf
16,83,inf,inf,inf,556.5608681896348,inf
16,84,inf,inf,inf,918.6707788974242,inf
16,85,inf,inf,inf,581.9836767470373,inf
16,86,inf,inf,inf,99.48869282486326,inf
16,87,inf,inf,inf,431.0290013444571,inf
16,88,inf,inf,inf,720.6059949792258,inf
16,89,inf,inf,inf,590.7529094299917,inf
16,90,inf,inf,inf,504.6999108381138,inf
16,91,inf,inf,inf,339.69986753014786,inf
16,92,inf,inf,inf,349.4638751001311,inf
16,93,inf,inf,inf,241.40422531513403,inf
16,94,inf,inf,inf,205.10485123467947,inf
16,95,inf,inf,inf,504.0634880647477,inf
16,96,inf,inf,inf,675.0703667026127,inf
16,97,inf,inf,inf,971.3701663114839,inf
16,98,inf,inf,inf,1091.7989741706117,inf
16,99,inf,inf,inf,479.98854152989946,inf
16,100,inf,inf,inf,362.59205727649356,inf
16,101,inf,inf,inf,815.3483917933487,inf
16,102,inf,inf,inf,521.9818004490195,inf
16,103,inf,inf,inf,450.7948535642349,inf
16,104,inf,inf,inf,178.71765441612084,inf
16,105,inf,inf,inf,314.91586177898375,inf
16,106,inf,inf,inf,882.0572543775149,inf
16,107,inf,inf,inf,78.91767862779544,inf
16,108,inf,inf,inf,552.9647366695276,inf
16,109,inf,inf,inf,277.58422145359776,inf
16,110,inf,inf,inf,949.2101980067429,inf
16,111,inf,inf,inf,1061.4876353495597,inf
16,112,inf,inf,inf,750.5584587492169,inf
16,113,inf,inf,inf,543.959557320211,inf
16,114,inf,inf,inf,1080.875571007135,inf
16,115,inf,inf,inf,1038.922518766438,inf
16,116,inf,inf,inf,826.9461893013354,inf
16,117,inf,inf,inf,478.8319120526534,inf
16,118,inf,inf,inf,268.1510768205118,inf
16,119,inf,inf,inf,624.1874718383892,inf
16,120,inf,inf,inf,956.8829604502318,inf
16,121,inf,inf,inf,547.8987132673337,inf
16,122,inf,inf,inf,687.8371900384567,inf
16,123,inf,inf,inf,1053.5359509765199,inf
16,124,inf,inf,inf,506.8273867896249,inf
16,125,inf,inf,inf,904.8231871476328,inf
16,126,inf,inf,inf,1037.0284470543709,inf
16,127,inf,inf,inf,1030.388761584675,inf
16,128,inf,inf,inf,809.2718949772072,inf
16,129,inf,inf,inf,1040.0985530227413,inf
16,130,inf,inf,inf,547.8576457438556,inf
16,131,inf,inf,inf,1100.8383169203369,inf
16,132,inf,inf,inf,1014.0399400418112,inf
16,133,inf,inf,inf,768.5844130607907,inf
16,134,inf,inf,inf,815.4048074422913,inf
16,135,inf,inf,inf,325.0753758745808,inf
16,136,inf,inf,inf,825.3787009609589,inf
16,137,inf,inf,inf,883.0226497661314,inf
16,138,inf,inf,inf,906.5153059932303,inf
16,139,inf,inf,inf,735.2421369861768,inf
16,140,inf,inf,inf,373.048254251377,inf
16,141,inf,inf,inf,141.90842117365693,inf
16,142,inf,inf,inf,287.50652166516153,inf
16,143,inf,inf,inf,437.72708392330486,inf
16,144,inf,inf,inf,473.67604963730224,inf
16,145,inf,inf,inf,796.026381472373,inf
16,146,inf,inf,inf,627.7172930547637,inf
16,147,inf,inf,inf,541.7056396235874,inf
16,148,inf,inf,inf,455.22961239357,inf
16,149,inf,inf,inf,725.0889600593847,inf
16,150,inf,inf,inf,243.26117651610582,inf
16,151,inf,inf,inf,408.1384568991263,inf
16,152,inf,inf,inf,503.3140172894055,inf
16,153,inf,inf,inf,746.0730527233911,inf
16,154,inf,inf,inf,637.1538275801221,inf
16,155,inf,inf,inf,681.5753810107874,inf
16,156,inf,inf,inf,428.6128789478916,inf
16,157,inf,inf,inf,621.022543874214,inf
16,158,inf,inf,inf,441.2131004401388,inf
16,159,inf,inf,inf,288.1423259432741,inf
16,160,inf,inf,inf,348.300157909812,inf
16,161,inf,inf,inf,166.76930173146374,inf
16,162,inf,inf,inf,313.0814590485997,inf
16,163,inf,inf,inf,138.1774221788784,inf
16,164,inf,inf,inf,640.647328879158,inf
16,165,inf,inf,inf,406.60545987480293,inf
16,166,inf,inf,inf,256.12496949731394,inf
16,167,inf,inf,inf,851.4229266351712,inf
16,168,inf,inf,inf,558.9203878907979,inf
16,169,inf,inf,inf,824.4592166990433,inf
16,170,inf,inf,inf,679.073633709924,inf
17,18,inf,inf,inf,807.7183915202129,inf
17,19,inf,inf,inf,570.1964573723692,inf
17,20,inf,inf,inf,317.35469115801646,inf
17,21,inf,inf,inf,882.5417837133832,inf
17,22,inf,inf,inf,281.88827574058485,inf
17,23,inf,inf,inf,117.88977903109328,inf
17,24,inf,inf,inf,232.74449510138794,inf
17,25,inf,inf,inf,543.7655744895957,inf
17,26,inf,inf,inf,334.7177915797127,inf
17,27,inf,inf,inf,648.1543026162828,inf
17,28,inf,inf,inf,643.0933058273893,inf
17,29,inf,inf,inf,343.21130517510636,inf
17,30,inf,inf,inf,592.0211144883264,inf
17,31,inf,inf,inf,124.42266674525185,inf
17,32,inf,inf,inf,625.0159997952053,inf
17,33,inf,inf,inf,298.8812473207377,inf
17,34,inf,inf,inf,244.72433471152803,inf
17,35,inf,inf,inf,494.52300249836713,inf
17,36,inf,inf,inf,688.6697321648455,inf
17,37,inf,inf,inf,706.1196782415853,inf
17,38,inf,inf,inf,402.78281989181215,inf
17,39,inf,inf,inf,477.94664974241635,inf
17,40,inf,inf,inf,213.43148783626094,inf
17,41,inf,inf,inf,588.8735008471683,inf
17,42,inf,inf,inf,862.0,inf
17,43,inf,inf,inf,876.4274071479052,inf
17,44,inf,inf,inf,95.70788891204319,inf
17,45,inf,inf,inf,349.3136126749142,inf
17,46,inf,inf,inf,750.3839017462994,inf
17,47,inf,inf,inf,304.2367499169027,inf
17,48,inf,inf,inf,856.2528832068245,inf
17,49,inf,inf,inf,361.2118491965622,inf
17,50,inf,inf,inf,785.5883145770435,inf
17,51,inf,inf,inf,496.74339452075253,inf
17,52,inf,inf,inf,546.9451526432975,inf
17,53,inf,inf,inf,255.51516589040267,inf
17,54,inf,inf,inf,833.6695988219793,inf
17,55,inf,inf,inf,767.2248692528156,inf
17,56,inf,inf,inf,371.84001936316645,inf
17,57,inf,inf,inf,344.4256088039912,inf
17,58,inf,inf,inf,889.6122750951675,inf
17,59,inf,inf,inf,652.0276067775045,inf
17,60,inf,inf,inf,545.7481103952629,inf
17,61,inf,inf,inf,452.39142343771283,inf
17,62,inf,inf,inf,427.375712927162,inf
17,63,inf,inf,inf,780.7496397693693,inf
17,64,inf,inf,inf,651.5220640929975,inf
17,65,inf,inf,inf,610.201606028696,inf
17,66,inf,inf,inf,660.1128691367863,inf
17,67,inf,inf,inf,99.76472322419383,inf
17,68,inf,inf,inf,393.96065793426635,inf
17,69,inf,inf,inf,435.0195397910305,inf
17,70,inf,inf,inf,502.83695170502335,inf
17,71,inf,inf,inf,170.1763790894612,inf
17,72,inf,inf,inf,590.6174734970174,inf
17,73,inf,inf,inf,670.1410299332522,inf
17,74,inf,inf,inf,403.0731943456424,inf
17,75,inf,inf,inf,430.2476031310343,inf
17,76,inf,inf,inf,594.22554640473,inf
17,77,inf,inf,inf,376.2884531845217,inf
17,78,inf,inf,inf,475.8623750623703,inf
17,79,inf,inf,inf,584.9529895641188,inf
17,80,inf,inf,inf,469.1961210410845,inf
17,81,inf,inf,inf,558.2911426845316,inf
17,82,inf,inf,inf,562.0320275571491,inf
17,83,inf,inf,inf,350.46397817750113,inf
17,84,inf,inf,inf,601.8047856240427,inf
17,85,inf,inf,inf,859.5929269136642,inf
17,86,inf,inf,inf,562.2001422980966,inf
17,87,inf,inf,inf,452.55386419740137,inf
17,88,inf,inf,inf,460.6365161382671,inf
17,89,inf,inf,inf,120.83045973594572,inf
17,90,inf,inf,inf,817.8832435011736,inf
17,91,inf,inf,inf,357.2800022391402,inf
17,92,inf,inf,inf,844.3612970760798,inf
17,93,inf,inf,inf,690.5135769845514,inf
17,94,inf,inf,inf,369.24382188467285,inf
17,95,inf,inf,inf,740.9784072427482,inf
17,96,inf,inf,inf,678.7967295148085,inf
17,97,inf,inf,inf,661.0030257116831,inf
17,98,inf,inf,inf,591.3459224514869,inf
17,99,inf,inf,inf,311.46428366668306,inf
17,100,inf,inf,inf,737.9119188629494,inf
17,101,inf,inf,inf,588.6815777650936,inf
17,102,inf,inf,inf,206.51876428063383,inf
17,103,inf,inf,inf,645.6136615654907,inf
17,104,inf,inf,inf,480.02604096027954,inf
17,105,inf,inf,inf,796.7816513951611,inf
17,106,inf,inf,inf,727.5850465753127,inf
17,107,inf,inf,inf,455.1098768429444,inf
17,108,inf,inf,inf,110.4943437466371,inf
17,109,inf,inf,inf,317.6570477732235,inf
17,110,inf,inf,inf,434.3328216932264,inf
17,111,inf,inf,inf,600.3440680143345,inf
17,112,inf,inf,inf,380.9475029449596,inf
17,113,inf,inf,inf,370.7573330360439,inf
17,114,inf,inf,inf,590.383773489753,inf
17,115,inf,inf,inf,659.3034202853797,inf
17,116,inf,inf,inf,598.6192445954273,inf
17,117,inf,inf,inf,54.56189146281496,inf
17,118,inf,inf,inf,259.1408883213917,inf
17,119,inf,inf,inf,496.70212401398084,inf
17,120,inf,inf,inf,439.14462310268584,inf
17,121,1.0,47.3137,47.31370849898475,44.181444068749045,1.0708954742484584
17,122,inf,inf,inf,239.0,inf
17,123,inf,inf,inf,603.1624988342694,inf
17,124,inf,inf,inf,446.5344331627741,inf
17,125,inf,inf,inf,395.80045477487766,inf
17,126,inf,inf,inf,625.8570124237644,inf
17,127,inf,inf,inf,622.3375289985331,inf
17,128,inf,inf,inf,790.8678777140971,inf
17,129,inf,inf,inf,553.7598757584374,inf
17,130,inf,inf,inf,164.50227961946302,inf
17,131,inf,inf,inf,583.1517812713943,inf
17,132,inf,inf,inf,644.003105582574,inf
17,133,inf,inf,inf,726.2265486747232,inf
17,134,inf,inf,inf,351.51102400920513,inf
17,135,inf,inf,inf,319.87653868328636,inf
17,136,inf,inf,inf,345.9783230203881,inf
17,137,inf,inf,inf,724.9399975170359,inf
17,138,inf,inf,inf,647.0123646422841,inf
17,139,inf,inf,inf,376.09573249373625,inf
17,140,inf,inf,inf,894.7893606877543,inf
17,141,inf,inf,inf,445.31000437897194,inf
17,142,inf,inf,inf,657.8001216175016,inf
17,143,inf,inf,inf,878.3951274910397,inf
17,144,inf,inf,inf,363.61793135102675,inf
17,145,inf,inf,inf,577.440040177333,inf
17,146,inf,inf,inf,573.3341085266077,inf
17,147,inf,inf,inf,847.5140116835827,inf
17,148,inf,inf,inf,338.42724476613876,inf
17,149,inf,inf,inf,451.0798155537443,inf
17,150,inf,inf,inf,764.8091265145833,inf
17,151,inf,inf,inf,370.65617491146696,inf
17,152,inf,inf,inf,585.1580982948112,inf
17,153,inf,inf,inf,547.2988214860325,inf
17,154,inf,inf,inf,566.4238695535349,inf
17,155,inf,inf,inf,518.1602068858626,inf
17,156,inf,inf,inf,885.2615432740768,inf
17,157,inf,inf,inf,810.5751044782957,inf
17,158,inf,inf,inf,855.9299036720238,inf
17,159,inf,inf,inf,294.3076621496627,inf
17,160,inf,inf,inf,799.7212014195948,inf
17,161,inf,inf,inf,363.2698721336522,inf
17,162,inf,inf,inf,235.51008470976353,inf
17,163,inf,inf,inf,469.3335700756979,inf
17,164,inf,inf,inf,129.31357237351384,inf
17,165,inf,inf,inf,403.4067426308093,inf
17,166,inf,inf,inf,291.247317584214,inf
17,167,inf,inf,inf,432.3563345204971,inf
17,168,inf,inf,inf,572.9057514111723,inf
17,169,inf,inf,inf,550.2181385596081,inf
17,170,inf,inf,inf,798.2029817032758,inf
18,19,inf,inf,inf,1308.7753817978087,inf
18,20,inf,inf,inf,1028.163897440481,inf
18,21,inf,inf,inf,1045.3444408423475,inf
18,22,inf,inf,inf,656.7389131154024,inf
18,23,inf,inf,inf,768.6149881442594,inf
18,24,inf,inf,inf,575.3790055259229,inf
18,25,inf,inf,inf,1069.86447739889,inf
18,26,inf,inf,inf,1142.0091943587845,inf
18,27,inf,inf,inf,198.12369873389704,inf
18,28,inf,inf,inf,1449.226000318791,inf
18,29,inf,inf,inf,984.6953843702122,inf
18,30,inf,inf,inf,709.2221090744422,inf
18,31,inf,inf,inf,931.9763945508491,inf
18,32,inf,inf,inf,856.6959787462528,inf
18,33,inf,inf,inf,954.8387298387095,inf
18,34,inf,inf,inf,663.1930337390464,inf
18,35,inf,inf,inf,413.27230732290786,inf
18,36,inf,inf,inf,558.7530760541727,inf
18,37,inf,inf,inf,415.5309856075717,inf
18,38,inf,inf,inf,966.567638605804,inf
18,39,inf,inf,inf,1089.2290851790544,inf
18,40,inf,inf,inf,677.4097725896786,inf
18,41,inf,inf,inf,1262.868560064744,inf
18,42,inf,inf,inf,463.1554814530429,inf
18,43,inf,inf,inf,1175.1442464650881,inf
18,44,inf,inf,inf,862.2279281025407,inf
18,45,inf,inf,inf,948.241003121042,inf
18,46,inf,inf,inf,1350.7794046401507,inf
18,47,inf,inf,inf,529.0680485533028,inf
18,48,inf,inf,inf,1265.3679306826139,inf
18,49,inf,inf,inf,583.8433008950261,inf
18,50,inf,inf,inf,915.4550780895805,inf
18,51,inf,inf,inf,938.2925982869097,inf
18,52,inf,inf,inf,367.3935219897052,inf
18,53,inf,inf,inf,562.1076409372141,inf
18,54,inf,inf,inf,1321.1888585664049,inf
18,55,inf,inf,inf,1456.0992411233515,inf
18,56,inf,inf,inf,819.9121904204133,inf
18,57,inf,inf,inf,466.120156182931,inf
18,58,inf,inf,inf,1066.9212716972138,inf
18,59,inf,inf,inf,1458.1443687097653,inf
18,60,inf,inf,inf,377.9232726361265,inf
18,61,inf,inf,inf,397.77506206397607,inf
18,62,inf,inf,inf,469.9755312779592,inf
18,63,inf,inf,inf,1205.1560064987436,inf
18,64,inf,inf,inf,538.3400412378778,inf
18,65,inf,inf,inf,1417.8226264240532,inf
18,66,inf,inf,inf,1411.7598945996447,inf
18,67,inf,inf,inf,820.5485969764375,inf
18,68,inf,inf,inf,1093.1678736589363,inf
18,69,inf,inf,inf,447.96986505790767,inf
18,70,inf,inf,inf,410.55084946934403,inf
18,71,inf,inf,inf,674.2944460693711,inf
18,72,inf,inf,inf,1260.4269118040918,inf
18,73,inf,inf,inf,214.40149253211834,inf
18,74,inf,inf,inf,1203.222755768856,inf
18,75,inf,inf,inf,954.5857740402379,inf
18,76,inf,inf,inf,939.6983558568143,inf
18,77,inf,inf,inf,821.5229759416349,inf
18,78,inf,inf,inf,382.4604554721965,inf
18,79,inf,inf,inf,1373.157310725905,inf
18,80,inf,inf,inf,341.88009594008247,inf
18,81,inf,inf,inf,1177.33937333294,inf
18,82,inf,inf,inf,759.8822277169008,inf
18,83,inf,inf,inf,466.7697505194611,inf
18,84,inf,inf,inf,1408.1569514794862,inf
18,85,inf,inf,inf,355.64729719203547,inf
18,86,inf,inf,inf,680.1088148230399,inf
18,87,inf,inf,inf,385.507457774814,inf
18,88,inf,inf,inf,1249.8019843159154,inf
18,89,inf,inf,inf,928.3733085348803,inf
18,90,inf,inf,inf,411.73292314314625,inf
18,91,inf,inf,inf,967.8150649788419,inf
18,92,inf,inf,inf,745.7352076977458,inf
18,93,inf,inf,inf,631.4950514453775,inf
18,94,inf,inf,inf,627.4153329334564,inf
18,95,inf,inf,inf,316.5090835979277,inf
18,96,inf,inf,inf,1362.6246731950805,inf
18,97,inf,inf,inf,1467.499233389919,inf
18,98,inf,inf,inf,1309.98664115326,inf
18,99,inf,inf,inf,496.4846422599595,inf
18,100,inf,inf,inf,515.2407204404559,inf
18,101,inf,inf,inf,1375.3417757052246,inf
18,102,inf,inf,inf,607.0593051753675,inf
18,103,inf,inf,inf,320.764711276038,inf
18,104,inf,inf,inf,908.3094186454306,inf
18,105,inf,inf,inf,700.0242852930176,inf
18,106,inf,inf,inf,1495.6192697341125,inf
18,107,inf,inf,inf,780.7752557554575,inf
18,108,inf,inf,inf,717.375773217914,inf
18,109,inf,inf,inf,878.0005694758974,inf
18,110,inf,inf,inf,963.3078428000055,inf
18,111,inf,inf,inf,1370.2007152238682,inf
18,112,inf,inf,inf,1188.2423995128268,inf
18,113,inf,inf,inf,441.40004531037374,inf
18,114,inf,inf,inf,1327.0847749861348,inf
18,115,inf,inf,inf,703.9786928593791,inf
18,116,inf,inf,inf,1386.3109319341027,inf
18,117,inf,inf,inf,815.1380251221261,inf
18,118,inf,inf,inf,718.0341217518844,inf
18,119,inf,inf,inf,327.6339420756036,inf
18,120,inf,inf,inf,982.1043732720061,inf
18,121,inf,inf,inf,781.8036837979213,inf
18,122,inf,inf,inf,710.5955248944367,inf
18,123,inf,inf,inf,1381.2023747445558,inf
18,124,inf,inf,inf,363.2079294288603,inf
18,125,inf,inf,inf,1126.1478588533569,inf
18,126,inf,inf,inf,1422.7164158749276,inf
18,127,inf,inf,inf,1420.3876231508075,inf
18,128,inf,inf,inf,96.87620966986684,inf
18,129,inf,inf,inf,1300.709421815649,inf
18,130,inf,inf,inf,659.6438432972751,inf
18,131,inf,inf,inf,1080.0004629628638,inf
18,132,inf,inf,inf,1449.8665455827306,inf
18,133,inf,inf,inf,133.52153384379613,inf
18,134,inf,inf,inf,1141.5169731545825,inf
18,135,inf,inf,inf,927.070655344025,inf
18,136,inf,inf,inf,1125.6180524494089,inf
18,137,inf,inf,inf,1494.2774173492685,inf
18,138,inf,inf,inf,1445.0411758839261,inf
18,139,inf,inf,inf,586.7239555361618,inf
18,140,inf,inf,inf,874.9565703507803,inf
18,141,inf,inf,inf,850.6233008800076,inf
18,142,inf,inf,inf,530.1565806438698,inf
18,143,inf,inf,inf,1170.849691463426,inf
18,144,inf,inf,inf,446.2790606784056,inf
18,145,inf,inf,inf,1360.849734540886,inf
18,146,inf,inf,inf,238.32121181296472,inf
18,147,inf,inf,inf,1304.4864890063063,inf
18,148,inf,inf,inf,1039.0187678766924,inf
18,149,inf,inf,inf,1243.768467199583,inf
18,150,inf,inf,inf,811.326075015465,inf
18,151,inf,inf,inf,1028.4498043171577,inf
18,152,inf,inf,inf,267.0524293093025,inf
18,153,inf,inf,inf,365.3505166275258,inf
18,154,inf,inf,inf,249.56161563830284,inf
18,155,inf,inf,inf,339.0,inf
18,156,inf,inf,inf,668.7637849046553,inf
18,157,inf,inf,inf,1371.6985820507361,inf
18,158,inf,inf,inf,580.7624299143325,inf
18,159,inf,inf,inf,614.8333107436519,inf
18,160,inf,inf,inf,639.0876309239602,inf
18,161,inf,inf,inf,770.7515812504053,inf
18,162,inf,inf,inf,667.845790583425,inf
18,163,inf,inf,inf,631.2313363577572,inf
18,164,inf,inf,inf,915.5091479608492,inf
18,165,inf,inf,inf,1047.913164341397,inf
18,166,inf,inf,inf,662.3609287993971,inf
18,167,inf,inf,inf,1234.7651598583432,inf
18,168,inf,inf,inf,241.89667215569543,inf
18,169,inf,inf,inf,1348.133895427305,inf
18,170,inf,inf,inf,1413.2533389311345,inf
19,20,inf,inf,inf,281.101405190369,inf
19,21,inf,inf,inf,1372.427047241492,inf
19,22,inf,inf,inf,848.1774578471183,inf
19,23,inf,inf,inf,675.2140401383846,inf
19,24,inf,inf,inf,763.5247212762662,inf
19,25,inf,inf,inf,382.2054421381255,inf
19,26,inf,inf,inf,345.21877121616666,inf
19,27,inf,inf,inf,1183.0283174970918,inf
19,28,inf,inf,inf,338.07247743642193,inf
19,29,inf,inf,inf,741.9285679902075,inf
19,30,inf,inf,inf,781.4940818713857,inf
19,31,inf,inf,inf,471.9968220231996,inf
19,32,inf,inf,inf,693.8018449096255,inf
19,33,inf,inf,inf,714.6873442282297,inf
19,34,inf,inf,inf,812.6167608411729,inf
19,35,inf,inf,inf,915.078685141338,inf
19,36,inf,inf,inf,967.5918561046284,inf
19,37,inf,inf,inf,1274.537170897734,inf
19,38,inf,inf,inf,831.7752100177066,inf
19,39,inf,inf,inf,282.68179990936807,inf
19,40,inf,inf,inf,781.6834397631819,inf
19,41,inf,inf,inf,144.49913494550754,inf
19,42,inf,inf,inf,1430.873858870865,inf
19,43,inf,inf,inf,1310.4232140800925,inf
19,44,inf,inf,inf,482.06638546988523,inf
19,45,inf,inf,inf,378.0052909682614,inf
19,46,inf,inf,inf,995.2205785653751,inf
19,47,inf,inf,inf,782.4295495442385,inf
19,48,inf,inf,inf,1231.9305986945856,inf
19,49,inf,inf,inf,930.9403847723011,inf
19,50,inf,inf,inf,1301.0845475986562,inf
19,51,inf,inf,inf,960.9921955978623,inf
19,52,inf,inf,inf,970.0623691289132,inf
19,53,inf,inf,inf,810.6318523226188,inf
19,54,inf,inf,inf,1158.7480312820385,inf
19,55,inf,inf,inf,888.6270308740333,inf
19,56,inf,inf,inf,528.9357238833467,inf
19,57,inf,inf,inf,856.0846920719936,inf
19,58,inf,inf,inf,1373.204281962447,inf
19,59,inf,inf,inf,448.79393935301755,inf
19,60,inf,inf,inf,1108.3794476622165,inf
19,61,inf,inf,inf,1007.2308573509848,inf
19,62,inf,inf,inf,848.4444589954018,inf
19,63,inf,inf,inf,1165.0828296734958,inf
19,64,inf,inf,inf,946.6409034052987,inf
19,65,inf,inf,inf,363.5519220138989,inf
19,66,inf,inf,inf,700.5233757698596,inf
19,67,inf,inf,inf,630.2927891067769,inf
19,68,inf,inf,inf,217.5890622251036,inf
19,69,inf,inf,inf,999.0405397179836,inf
19,70,inf,inf,inf,1067.0674767792334,inf
19,71,inf,inf,inf,644.7728282116113,inf
19,72,inf,inf,inf,152.55490814785344,inf
19,73,inf,inf,inf,1212.9719699976583,inf
19,74,inf,inf,inf,442.76404551408643,inf
19,75,inf,inf,inf,873.2153228156271,inf
19,76,inf,inf,inf,585.2349955359813,inf
19,77,inf,inf,inf,529.5554739590556,inf
19,78,inf,inf,inf,1031.2443939241562,inf
19,79,inf,inf,inf,177.02542190318317,inf
19,80,inf,inf,inf,998.0706387826465,inf
19,81,inf,inf,inf,245.20399670478457,inf
19,82,inf,inf,inf,1099.8490805560552,inf
19,83,inf,inf,inf,848.4155821294185,inf
19,84,inf,inf,inf,422.2712398447235,inf
19,85,inf,inf,inf,1421.4415218361958,inf
19,86,inf,inf,inf,1116.674079577385,inf
19,87,inf,inf,inf,1002.8683861803602,inf
19,88,inf,inf,inf,504.5730868764207,inf
19,89,inf,inf,inf,474.45547736326114,inf
19,90,inf,inf,inf,1385.0519845839722,inf
19,91,inf,inf,inf,775.0309671232499,inf
19,92,inf,inf,inf,1400.3321034668884,inf
19,93,inf,inf,inf,1253.7914499628716,inf
19,94,inf,inf,inf,934.9379658565589,inf
19,95,inf,inf,inf,1301.6239856425511,inf
19,96,inf,inf,inf,842.2903299931681,inf
19,97,inf,inf,inf,446.6195248754806,inf
19,98,inf,inf,inf,51.24451190127583,inf
19,99,inf,inf,inf,843.8115903446693,inf
19,100,inf,inf,inf,1307.985473925456,inf
19,101,inf,inf,inf,555.0441423886932,inf
19,102,inf,inf,inf,723.0062240395998,inf
19,103,inf,inf,inf,1205.5442754208573,inf
19,104,inf,inf,inf,957.5348557624417,inf
19,105,inf,inf,inf,1356.0549398899736,inf
19,106,inf,inf,inf,692.8780556490442,inf
19,107,inf,inf,inf,983.3803943540871,inf
19,108,inf,inf,inf,617.0291727301068,inf
19,109,inf,inf,inf,796.3378679932281,inf
19,110,inf,inf,inf,410.85885654321726,inf
19,111,inf,inf,inf,107.28000745712129,inf
19,112,inf,inf,inf,372.75863504417975,inf
19,113,inf,inf,inf,876.8836866996671,inf
19,114,1.0,21.2426,21.242640687119284,20.223748416156685,1.0503809803205726
19,115,inf,inf,inf,846.5370635713477,inf
19,116,inf,inf,inf,554.7765315872689,inf
19,117,inf,inf,inf,600.2207927088165,inf
19,118,inf,inf,inf,814.0331688573875,inf
19,119,inf,inf,inf,981.2058907283425,inf
19,120,inf,inf,inf,391.7397095010921,inf
19,121,inf,inf,inf,572.0314676658969,inf
19,122,inf,inf,inf,598.6192445954273,inf
19,123,inf,inf,inf,139.05754204644924,inf
19,124,inf,inf,inf,974.5588745683865,inf
19,125,inf,inf,inf,183.98369492974098,inf
19,126,inf,inf,inf,242.62110378118388,inf
19,127,inf,inf,inf,248.9738942138312,inf
19,128,inf,inf,inf,1265.2161870605355,inf
19,129,inf,inf,inf,25.80697580112788,inf
19,130,inf,inf,inf,667.4346409949067,inf
19,131,inf,inf,inf,416.6173304124542,inf
19,132,inf,inf,inf,334.1496670655232,inf
19,133,inf,inf,inf,1199.450290758229,inf
19,134,inf,inf,inf,248.65236777477105,inf
19,135,inf,inf,inf,763.8985534742162,inf
19,136,inf,inf,inf,235.5949914577982,inf
19,137,inf,inf,inf,687.2626863143379,inf
19,138,inf,inf,inf,522.3686437756386,inf
19,139,inf,inf,inf,739.083215883029,inf
19,140,inf,inf,inf,1433.101531643868,inf
19,141,inf,inf,inf,946.6197758339935,inf
19,142,inf,inf,inf,1227.3243255146538,inf
19,143,inf,inf,inf,1315.0855485480783,inf
19,144,inf,inf,inf,898.6489859783964,inf
19,145,inf,inf,inf,563.7242233574854,inf
19,146,inf,inf,inf,1072.2928704416531,inf
19,147,inf,inf,inf,1192.3237815291616,inf
19,148,inf,inf,inf,673.9028119840427,inf
19,149,inf,inf,inf,487.201190474736,inf
19,150,inf,inf,inf,1303.989647198167,inf
19,151,inf,inf,inf,734.2819621916366,inf
19,152,inf,inf,inf,1128.6141944880899,inf
19,153,inf,inf,inf,971.4834018139476,inf
19,154,inf,inf,inf,1059.6036995027905,inf
19,155,inf,inf,inf,975.5911028704597,inf
19,156,inf,inf,inf,1450.9651959988564,inf
19,157,inf,inf,inf,1077.2427767221277,inf
19,158,inf,inf,inf,1425.4108179749444,inf
19,159,inf,inf,inf,864.1278840542064,inf
19,160,inf,inf,inf,1365.0296700072126,inf
19,161,inf,inf,inf,894.6177954858712,inf
19,162,inf,inf,inf,803.4282793130947,inf
19,163,inf,inf,inf,1031.574524695138,inf
19,164,inf,inf,inf,440.9104217411968,inf
19,165,inf,inf,inf,760.2269398015305,inf
19,166,inf,inf,inf,856.0286210168442,inf
19,167,inf,inf,inf,261.74797038372617,inf
19,168,inf,inf,inf,1098.4557342014289,inf
19,169,inf,inf,inf,483.23079372076444,inf
19,170,inf,inf,inf,1010.7442802212635,inf
20,21,inf,inf,inf,1181.7859366230418,inf
20,22,inf,inf,inf,598.6894019439462,inf
20,23,inf,inf,inf,433.03579528717944,inf
20,24,inf,inf,inf,486.26330315992385,inf
20,25,inf,inf,inf,282.39157211220027,inf
20,26,inf,inf,inf,277.0018050482704,inf
20,27,inf,inf,inf,902.8499321592709,inf
20,28,inf,inf,inf,492.36673323854853,inf
20,29,inf,inf,inf,579.4100447869367,inf
20,30,inf,inf,inf,556.5294241996554,inf
20,31,inf,inf,inf,256.7586415293554,inf
20,32,inf,inf,inf,509.2003534955568,inf
20,33,inf,inf,inf,541.6788716573686,inf
20,34,inf,inf,inf,560.9884134275859,inf
20,35,inf,inf,inf,639.6131643423234,inf
20,36,inf,inf,inf,724.5550358668415,inf
20,37,inf,inf,inf,1006.388096114019,inf
20,38,inf,inf,inf,661.3833986425725,inf
20,39,inf,inf,inf,183.38211472223784,inf
20,40,inf,inf,inf,529.6838679816481,inf
20,41,inf,inf,inf,272.12129648375554,inf
20,42,inf,inf,inf,1162.9006836355372,inf
20,43,inf,inf,inf,1151.437796843581,inf
20,44,inf,inf,inf,222.0495440211486,inf
20,45,inf,inf,inf,139.86421987055874,inf
20,46,inf,inf,inf,923.8235762308732,inf
20,47,inf,inf,inf,501.32823578968697,inf
20,48,inf,inf,inf,1102.6898929436145,inf
20,49,inf,inf,inf,674.3055687149558,inf
20,50,inf,inf,inf,1093.6055047410835,inf
20,51,inf,inf,inf,778.2338980023936,inf
20,52,inf,inf,inf,695.2359311773234,inf
20,53,inf,inf,inf,538.1393871479768,inf
20,54,inf,inf,inf,1053.5620532270514,inf
20,55,inf,inf,inf,872.2935285785398,inf
20,56,inf,inf,inf,283.2966642938106,inf
20,57,inf,inf,inf,575.5632024374039,inf
20,58,inf,inf,inf,1186.4113957645552,inf
20,59,inf,inf,inf,559.3728631244101,inf
20,60,inf,inf,inf,835.8642234238764,inf
20,61,inf,inf,inf,732.0,inf
20,62,inf,inf,inf,571.5732673944785,inf
20,63,inf,inf,inf,1029.7436574215935,inf
20,64,inf,inf,inf,698.2155827536363,inf
20,65,inf,inf,inf,485.8847599997349,inf
20,66,inf,inf,inf,710.0176054155277,inf
20,67,inf,inf,inf,398.7342473377475,inf
20,68,inf,inf,inf,76.92203845452875,inf
20,69,inf,inf,inf,728.313119475408,inf
20,70,inf,inf,inf,795.9026322358785,inf
20,71,inf,inf,inf,365.08903023783114,inf
20,72,inf,inf,inf,273.5415873317986,inf
20,73,inf,inf,inf,933.6985594933731,inf
20,74,inf,inf,inf,405.20858826041683,inf
20,75,inf,inf,inf,698.0723458209758,inf
20,76,inf,inf,inf,425.60310149245856,inf
20,77,inf,inf,inf,285.4277491765648,inf
20,78,inf,inf,inf,756.000661375372,inf
20,79,inf,inf,inf,368.39109652650404,inf
20,80,inf,inf,inf,717.9979108604704,inf
20,81,inf,inf,inf,248.82323042674292,inf
20,82,inf,inf,inf,875.740829241163,inf
20,83,inf,inf,inf,567.405498739658,inf
20,84,inf,inf,inf,514.4171459039833,inf
20,85,inf,inf,inf,1147.003923271407,inf
20,86,inf,inf,inf,879.3594259459553,inf
20,87,inf,inf,inf,726.3036555050511,inf
20,88,inf,inf,inf,482.2032766375608,inf
20,89,inf,inf,inf,257.57717290163737,inf
20,90,inf,inf,inf,1114.8026731220193,inf
20,91,inf,inf,inf,606.320872146094,inf
20,92,inf,inf,inf,1161.7159721722,inf
20,93,inf,inf,inf,1007.1866758451483,inf
20,94,inf,inf,inf,685.9190914386331,inf
20,95,inf,inf,inf,1027.0019474178225,inf
20,96,inf,inf,inf,802.0081046972032,inf
20,97,inf,inf,inf,563.3551277835323,inf
20,98,inf,inf,inf,288.5619517538652,inf
20,99,inf,inf,inf,565.4166605256694,inf
20,100,inf,inf,inf,1047.6583412544378,inf
20,101,inf,inf,inf,585.7303133695575,inf
20,102,inf,inf,inf,444.7606097666474,inf
20,103,inf,inf,inf,931.0193338486586,inf
20,104,inf,inf,inf,767.6307706182706,inf
20,105,inf,inf,inf,1114.0112207693421,inf
20,106,inf,inf,inf,740.368827004487,inf
20,107,inf,inf,inf,764.7306715439103,inf
20,108,inf,inf,inf,342.42225394971047,inf
20,109,inf,inf,inf,599.8166386488457,inf
20,110,inf,inf,inf,221.0,inf
20,111,inf,inf,inf,347.4320077367657,inf
20,112,inf,inf,inf,337.37960815674677,inf
20,113,inf,inf,inf,596.0041946161117,inf
20,114,inf,inf,inf,299.90831932442285,inf
20,115,inf,inf,inf,626.8883473155328,inf
20,116,inf,inf,inf,591.0372238700368,inf
20,117,inf,inf,inf,359.60672963669634,inf
20,118,inf,inf,inf,575.3677085134341,inf
20,119,inf,inf,inf,700.5319407421763,inf
20,120,inf,inf,inf,211.0213259365034,inf
20,121,inf,inf,inf,307.7823906593748,inf
20,122,inf,inf,inf,319.23189063751136,inf
20,123,inf,inf,inf,363.88597115030416,inf
20,124,inf,inf,inf,694.5278972078803,inf
20,125,1.0,108.669,108.66904755831207,98.08159868191383,1.107945313072783
20,126,inf,inf,inf,430.65647562761666,inf
20,127,inf,inf,inf,431.5669125408017,inf
20,128,inf,inf,inf,986.6924546179524,inf
20,129,inf,inf,inf,272.5949375905576,inf
20,130,inf,inf,inf,389.41622975936684,inf
20,131,inf,inf,inf,327.6339420756036,inf
20,132,inf,inf,inf,490.8054604423223,inf
20,133,inf,inf,inf,920.7089659604711,inf
20,134,inf,inf,inf,186.12361483702168,inf
20,135,inf,inf,inf,582.0008591058952,inf
20,136,inf,inf,inf,151.48927354766738,inf
20,137,inf,inf,inf,735.7744219528156,inf
20,138,inf,inf,inf,598.7729118789526,inf
20,139,inf,inf,inf,466.51259361350577,inf
20,140,inf,inf,inf,1209.8801593546361,inf
20,141,inf,inf,inf,743.4009685223715,inf
20,142,inf,inf,inf,969.8190552881501,inf
20,143,inf,inf,inf,1154.6774441375392,inf
20,144,inf,inf,inf,620.0193545366144,inf
20,145,inf,inf,inf,584.8119355827137,inf
20,146,inf,inf,inf,791.3343162027033,inf
20,147,inf,inf,inf,1078.0435983762438,inf
20,148,inf,inf,inf,533.2063390470897,inf
20,149,inf,inf,inf,465.0688121127883,inf
20,150,inf,inf,inf,1079.7448772742569,inf
20,151,inf,inf,inf,587.448721166367,inf
20,152,inf,inf,inf,849.7740876256465,inf
20,153,inf,inf,inf,696.5299706401728,inf
20,154,inf,inf,inf,778.8157676883538,inf
20,155,inf,inf,inf,696.772559735241,inf
20,156,inf,inf,inf,1200.6806403036571,inf
20,157,inf,inf,inf,998.5439399445575,inf
20,158,inf,inf,inf,1167.4287986853844,inf
20,159,inf,inf,inf,607.7145711598497,inf
20,160,inf,inf,inf,1115.485544505172,inf
20,161,inf,inf,inf,672.7889713721532,inf
20,162,inf,inf,inf,551.8197169366097,inf
20,163,inf,inf,inf,786.5290840140624,inf
20,164,inf,inf,inf,198.04039991880444,inf
20,165,inf,inf,inf,619.067847654843,inf
20,166,inf,inf,inf,608.3921432760288,inf
20,167,inf,inf,inf,292.09929818470977,inf
20,168,inf,inf,inf,817.7780872583955,inf
20,169,inf,inf,inf,520.324898500927,inf
20,170,inf,inf,inf,956.0094141795885,inf
21,22,inf,inf,inf,645.9636212667087,inf
21,23,inf,inf,inf,766.56767476851,inf
21,24,inf,inf,inf,869.1846754286456,inf
21,25,inf,inf,inf,1426.27381662849,inf
21,26,inf,inf,inf,1032.1879673780352,inf
21,27,inf,inf,inf,866.6671794870277,inf
21,28,inf,inf,inf,1250.7729610125093,inf
21,29,inf,inf,inf,631.9256285355106,inf
21,30,inf,inf,inf,1365.6621104797482,inf
21,31,inf,inf,inf,926.4000215889462,inf
21,32,inf,inf,inf,1452.4148856301356,inf
21,33,inf,inf,inf,657.7674361048896,inf
21,34,inf,inf,inf,681.2121549121096,inf
21,35,inf,inf,inf,1090.1564107961756,inf
21,36,inf,inf,inf,1358.7383854149407,inf
21,37,inf,inf,inf,633.3379824390765,inf
21,38,inf,inf,inf,541.5773259655541,inf
21,39,inf,inf,inf,1356.1596513685254,inf
21,40,inf,inf,inf,706.2018125153744,inf
21,41,inf,inf,inf,1437.8609112149895,inf
21,42,inf,inf,inf,657.5378316112314,inf
21,43,inf,inf,inf,186.02419197512995,inf
21,44,inf,inf,inf,973.9034859779484,inf
21,45,inf,inf,inf,1231.8197920150496,inf
21,46,inf,inf,inf,622.5913587578934,inf
21,47,inf,inf,inf,958.9077119306112,inf
21,48,inf,inf,inf,343.20984834354624,inf
21,49,inf,inf,inf,624.7767601311688,inf
21,50,1.0,146.4975,146.49747468305833,131.7459676802292,1.111969324470208
21,51,inf,inf,inf,411.4389383614536,inf
21,52,inf,inf,inf,1106.488590090291,inf
21,53,inf,inf,inf,799.5648816700243,inf
21,54,inf,inf,inf,460.06629956996414,inf
21,55,inf,inf,inf,817.5634531949187,inf
21,56,inf,inf,inf,1229.416528276727,inf
21,57,inf,inf,inf,900.6425484064141,inf
21,58,inf,inf,inf,23.706539182259394,inf
21,59,inf,inf,inf,1170.8543888972702,inf
21,60,inf,inf,inf,701.0627646651903,inf
21,61,inf,inf,inf,758.4945616153092,inf
21,62,inf,inf,inf,1066.2354336636913,inf
21,63,inf,inf,inf,338.42281246984516,inf
21,64,inf,inf,inf,1319.3881157566943,inf
21,65,inf,inf,inf,1196.5258041513355,inf
21,66,inf,inf,inf,922.286831739454,inf
21,67,inf,inf,inf,788.0412425755393,inf
21,68,inf,inf,inf,1253.2026970925333,inf
21,69,inf,inf,inf,704.2911329840807,inf
21,70,inf,inf,inf,690.9218479683502,inf
21,71,inf,inf,inf,956.0753108411492,inf
21,72,inf,inf,inf,1441.5592252835122,inf
21,73,inf,inf,inf,836.0005980859105,inf
21,74,inf,inf,inf,971.0715730573107,inf
21,75,inf,inf,inf,499.5768209194658,inf
21,76,inf,inf,inf,1452.8372241927173,inf
21,77,inf,inf,inf,1233.7945534002004,inf
21,78,inf,inf,inf,753.6557569606962,inf
21,79,inf,inf,inf,1298.5876943818619,inf
21,80,inf,inf,inf,860.5492432162148,inf
21,81,inf,inf,inf,1430.3988954134438,inf
21,82,inf,inf,inf,351.51102400920513,inf
21,83,inf,inf,inf,928.7545423845851,inf
21,84,inf,inf,inf,1140.417905857322,inf
21,85,inf,inf,inf,762.4303246854757,inf
21,86,inf,inf,inf,403.92697359795125,inf
21,87,inf,inf,inf,780.3313398806945,inf
21,88,inf,inf,inf,946.8738036296072,inf
21,89,inf,inf,inf,925.2070038645405,inf
21,90,inf,inf,inf,679.6624162038092,inf
21,91,inf,inf,inf,597.957356339062,inf
21,92,inf,inf,inf,341.22426642898654,inf
21,93,inf,inf,inf,413.94806437523056,inf
21,94,inf,inf,inf,581.725880462611,inf
21,95,inf,inf,inf,737.8082406696201,inf
21,96,inf,inf,inf,759.7137618866727,inf
21,97,inf,inf,inf,1182.829235350564,inf
21,98,inf,inf,inf,1409.7694847030843,inf
21,99,inf,inf,inf,853.9894612932878,inf
21,100,inf,inf,inf,540.5201198845423,inf
21,101,inf,inf,inf,1004.415252771482,inf
21,102,inf,inf,inf,899.6499319179655,inf
21,103,inf,inf,inf,727.0110040432676,inf
21,104,inf,inf,inf,416.58732577936166,inf
21,105,inf,inf,inf,366.51466546374377,inf
21,106,inf,inf,inf,1016.00196850203,inf
21,107,inf,inf,inf,432.78285548297777,inf
21,108,inf,inf,inf,924.5977503758053,inf
21,109,inf,inf,inf,583.1037643507372,inf
21,110,inf,inf,inf,1314.9315571542118,inf
21,111,inf,inf,inf,1352.726505987075,inf
21,112,inf,inf,inf,1022.7731908883807,inf
21,113,inf,inf,inf,913.4402005604965,inf
21,114,inf,inf,inf,1391.388155763876,inf
21,115,inf,inf,inf,1414.2733116339289,inf
21,116,inf,inf,inf,1014.7043904507361,inf
21,117,inf,inf,inf,831.3561210456082,inf
21,118,inf,inf,inf,636.4793790846644,inf
21,119,inf,inf,inf,978.8855908634063,inf
21,120,inf,inf,inf,1320.9511724511244,inf
21,121,inf,inf,inf,911.0345767313115,inf
21,122,inf,inf,inf,1063.225752133572,inf
21,123,inf,inf,inf,1338.4098774291826,inf
21,124,inf,inf,inf,861.8033418361755,inf
21,125,inf,inf,inf,1235.7030387597176,inf
21,126,inf,inf,inf,1299.4648898681335,inf
21,127,inf,inf,inf,1291.5138404213872,inf
21,128,inf,inf,inf,1112.1151019566275,inf
21,129,inf,inf,inf,1349.1664093061315,inf
21,130,inf,inf,inf,923.8208700825069,inf
21,131,inf,inf,inf,1465.1805349512395,inf
21,132,inf,inf,inf,1254.7206860492897,inf
21,133,inf,inf,inf,1084.5962382379905,inf
21,134,inf,inf,inf,1124.0106761058812,inf
21,135,inf,inf,inf,609.3414477942559,inf
21,136,inf,inf,inf,1141.327735578173,inf
21,137,inf,inf,inf,1019.0044160846409,inf
21,138,inf,inf,inf,1098.1370588410173,inf
21,139,inf,inf,inf,1112.3776337197723,inf
21,140,inf,inf,inf,227.13872413131145,inf
21,141,inf,inf,inf,438.95899580712546,inf
21,142,inf,inf,inf,515.314467097519,inf
21,143,inf,inf,inf,177.88198334851114,inf
21,144,inf,inf,inf,841.7660007389227,inf
21,145,inf,inf,inf,984.4942864232377,inf
21,146,inf,inf,inf,964.3941103096804,inf
21,147,inf,inf,inf,415.9326868617084,inf
21,148,inf,inf,inf,706.0347016967368,inf
21,149,inf,inf,inf,957.2800008357011,inf
21,150,inf,inf,inf,234.92339176846565,inf
21,151,inf,inf,inf,646.0789425449494,inf
21,152,inf,inf,inf,817.0250914139663,inf
21,153,inf,inf,inf,1104.9633478084238,inf
21,154,inf,inf,inf,977.0997901954539,inf
21,155,inf,inf,inf,1038.311128708539,inf
21,156,inf,inf,inf,457.6898513185539,inf
21,157,inf,inf,inf,578.1141755743411,inf
21,158,inf,inf,inf,531.0291894048763,inf
21,159,inf,inf,inf,665.9316781772736,inf
21,160,inf,inf,inf,434.5135210784585,inf
21,161,inf,inf,inf,521.7940206633265,inf
21,162,inf,inf,inf,688.0879304274999,inf
21,163,inf,inf,inf,498.2388985215827,inf
21,164,inf,inf,inf,984.7568227740288,inf
21,165,inf,inf,inf,626.0742767435826,inf
21,166,inf,inf,inf,632.6649982415654,inf
21,167,inf,inf,inf,1134.3456263414603,inf
21,168,inf,inf,inf,885.4450858184262,inf
21,169,inf,inf,inf,1037.5914417534486,inf
21,170,inf,inf,inf,674.9992592588528,inf
22,23,inf,inf,inf,173.5655495770978,inf
22,24,inf,inf,inf,228.11619846034608,inf
22,25,inf,inf,inf,803.0392269372649,inf
22,26,inf,inf,inf,569.5059262202633,inf
22,27,inf,inf,inf,465.98819727542457,inf
22,28,inf,inf,inf,869.9850573429408,inf
22,29,inf,inf,inf,327.96493715029965,inf
22,30,inf,inf,inf,727.0171937444121,inf
22,31,inf,inf,inf,379.5813483299726,inf
22,32,inf,inf,inf,806.7824985707115,inf
22,33,inf,inf,inf,299.1070042643602,inf
22,34,1.0,43.2843,43.284271247461895,38.58756276314948,1.1217156033704647
22,35,inf,inf,inf,494.00404856640597,inf
22,36,inf,inf,inf,751.5297731959793,inf
22,37,inf,inf,inf,446.0179368590461,inf
22,38,inf,inf,inf,318.69264189811474,inf
22,39,inf,inf,inf,751.1178336319808,inf
22,40,inf,inf,inf,69.35416353759881,inf
22,41,inf,inf,inf,870.5750972776559,inf
22,42,inf,inf,inf,597.5156901705594,inf
22,43,inf,inf,inf,683.6856002578963,inf
22,44,inf,inf,inf,376.64970463283254,inf
22,45,inf,inf,inf,611.9616001024901,inf
22,46,inf,inf,inf,712.7952020040539,inf
22,47,inf,inf,inf,326.45520366506645,inf
22,48,inf,inf,inf,709.9816899047468,inf
22,49,inf,inf,inf,90.80198235721508,inf
22,50,inf,inf,inf,533.2166539034579,inf
22,51,inf,inf,inf,334.0134727821619,inf
22,52,inf,inf,inf,528.1855734493323,inf
22,53,inf,inf,inf,165.38742394752995,inf
22,54,inf,inf,inf,727.2372377704542,inf
22,55,inf,inf,inf,800.9875155082007,inf
22,56,inf,inf,inf,587.2324922890422,inf
22,57,inf,inf,inf,291.0154635066666,inf
22,58,inf,inf,inf,657.5233836146058,inf
22,59,inf,inf,inf,848.6277157859034,inf
22,60,inf,inf,inf,313.8470965295043,inf
22,61,inf,inf,inf,259.02316498722655,inf
22,62,inf,inf,inf,450.89355728375625,inf
22,63,inf,inf,inf,637.1946327457568,inf
22,64,inf,inf,inf,711.2186724207963,inf
22,65,inf,inf,inf,827.6019574650607,inf
22,66,inf,inf,inf,758.77796488828,inf
22,67,inf,inf,inf,223.10983842045155,inf
22,68,inf,inf,inf,675.4864913527139,inf
22,69,inf,inf,inf,213.3565091577944,inf
22,70,inf,inf,inf,269.9814808463721,inf
22,71,inf,inf,inf,311.4048811435042,inf
22,72,inf,inf,inf,872.1891996579641,inf
22,73,inf,inf,inf,471.5612367444975,inf
22,74,inf,inf,inf,589.5362584269096,inf
22,75,inf,inf,inf,316.79646462673793,inf
22,76,inf,inf,inf,808.681024879402,inf
22,77,inf,inf,inf,591.5217662943604,inf
22,78,inf,inf,inf,275.82965757873103,inf
22,79,inf,inf,inf,842.2570866427899,inf
22,80,inf,inf,inf,331.84333653096,inf
22,81,inf,inf,inf,835.0628718845066,inf
22,82,inf,inf,inf,300.76070222022025,inf
22,83,inf,inf,inf,316.15818825391824,inf
22,84,inf,inf,inf,801.2640014377284,inf
22,85,inf,inf,inf,613.7988269783513,inf
22,86,inf,inf,inf,285.0438562747845,inf
22,87,inf,inf,inf,271.8124353299532,inf
22,88,inf,inf,inf,619.8846666921195,inf
22,89,inf,inf,inf,376.70280062670093,inf
22,90,inf,inf,inf,559.7946051901537,inf
22,91,inf,inf,inf,312.3203483604615,inf
22,92,inf,inf,inf,564.0257086339238,inf
22,93,inf,inf,inf,408.63675801376456,inf
22,94,inf,inf,inf,87.36131867136622,inf
22,95,inf,inf,inf,501.85655321017776,inf
22,96,inf,inf,inf,707.2566719374233,inf
22,97,inf,inf,inf,859.416080836285,inf
22,98,inf,inf,inf,871.784950546865,inf
22,99,inf,inf,inf,238.0021008310641,inf
22,100,inf,inf,inf,463.0172782953137,inf
22,101,inf,inf,inf,738.6589199353109,inf
22,102,inf,inf,inf,254.59183019099416,inf
22,103,inf,inf,inf,413.30376238306854,inf
22,104,inf,inf,inf,306.32009401931174,inf
22,105,inf,inf,inf,515.5036372325611,inf
22,106,inf,inf,inf,846.2180570042216,inf
22,107,inf,inf,inf,218.5040045399626,inf
22,108,inf,inf,inf,287.2107240337658,inf
22,109,inf,inf,inf,223.5106261456041,inf
22,110,inf,inf,inf,686.0466456444489,inf
22,111,inf,inf,inf,868.451495479166,inf
22,112,inf,inf,inf,597.396016056351,inf
22,113,inf,inf,inf,312.6403684747061,inf
22,114,inf,inf,inf,868.4008291106129,inf
22,115,inf,inf,inf,781.0889834071404,inf
22,116,inf,inf,inf,750.1386538500732,inf
22,117,inf,inf,inf,248.07257002740147,inf
22,118,inf,inf,inf,61.5223536610881,inf
22,119,inf,inf,inf,421.7700795457165,inf
22,120,inf,inf,inf,695.0719387228922,inf
22,121,inf,inf,inf,293.90644770062465,inf
22,122,inf,inf,inf,418.68842830916645,inf
22,123,inf,inf,inf,867.0144174118444,inf
22,124,inf,inf,inf,317.77035733371986,inf
22,125,inf,inf,inf,677.1595085354705,inf
22,126,inf,inf,inf,872.9581891476819,inf
22,127,inf,inf,inf,867.9222315392088,inf
22,128,inf,inf,inf,672.7889713721532,inf
22,129,inf,inf,inf,830.318613545427,inf
22,130,inf,inf,inf,278.62519627628797,inf
22,131,inf,inf,inf,838.0483279620573,inf
22,132,inf,inf,inf,871.9592880404451,inf
22,133,inf,inf,inf,617.7200012950851,inf
22,134,inf,inf,inf,616.2929498217549,inf
22,135,inf,inf,inf,270.6325922722539,inf
22,136,inf,inf,inf,617.4544517614235,inf
22,137,inf,inf,inf,845.3833449979956,inf
22,138,inf,inf,inf,818.0867924615334,inf
22,139,inf,inf,inf,473.7858165880443,inf
22,140,inf,inf,inf,623.2054235964254,inf
22,141,inf,inf,inf,250.68306683938587,inf
22,142,inf,inf,inf,380.52595180880894,inf
22,143,inf,inf,inf,683.4069066083543,inf
22,144,inf,inf,inf,253.60007886434104,inf
22,145,inf,inf,inf,722.1814176507174,inf
22,146,inf,inf,inf,458.956424946857,inf
22,147,inf,inf,inf,725.0441365875597,inf
22,148,inf,inf,inf,385.25056781268995,inf
22,149,inf,inf,inf,617.6876233178061,inf
22,150,inf,inf,inf,494.84138872976257,inf
22,151,inf,inf,inf,371.7109091753967,inf
22,152,inf,inf,inf,395.27838291512984,inf
22,153,inf,inf,inf,527.3755777432247,inf
22,154,inf,inf,inf,461.5463140357639,inf
22,155,inf,inf,inf,470.6771717430111,inf
22,156,inf,inf,inf,603.7491200821745,inf
22,157,inf,inf,inf,747.9846255104445,inf
22,158,inf,inf,inf,578.0804442290017,inf
22,159,inf,inf,inf,42.5440947723653,inf
22,160,inf,inf,inf,518.0588769628409,inf
22,161,inf,inf,inf,148.48568954616468,inf
22,162,inf,inf,inf,47.41307836451879,inf
22,163,inf,inf,inf,188.16216410320115,inf
22,164,inf,inf,inf,409.0244491469917,inf
22,165,inf,inf,inf,391.76013069223876,inf
22,166,inf,inf,inf,13.416407864998739,inf
22,167,inf,inf,inf,677.941737909682,inf
22,168,inf,inf,inf,417.80856860528843,inf
22,169,inf,inf,inf,724.1056552741458,inf
22,170,inf,inf,inf,772.6791054506392,inf
23,24,inf,inf,inf,220.9886874932742,inf
23,25,inf,inf,inf,660.0492405873974,inf
23,26,inf,inf,inf,401.90794966011805,inf
23,27,inf,inf,inf,592.8659207611785,inf
23,28,inf,inf,inf,707.4072377350969,inf
23,29,inf,inf,inf,271.8896835115301,inf
23,30,inf,inf,inf,666.8470589273076,inf
23,31,inf,inf,inf,206.11889772653063,inf
23,32,inf,inf,inf,717.9338409630793,inf
23,33,inf,inf,inf,229.17242417009948,inf
23,34,inf,inf,inf,140.12851244482687,inf
23,35,inf,inf,inf,510.9060579010588,inf
23,36,inf,inf,inf,736.5785769352785,inf
23,37,inf,inf,inf,614.2320408445004,inf
23,38,inf,inf,inf,312.03204963593083,inf
23,39,inf,inf,inf,595.8363869385622,inf
23,40,inf,inf,inf,111.01801655587259,inf
23,41,inf,inf,inf,703.2282701939677,inf
23,42,inf,inf,inf,767.9283820773913,inf
23,43,inf,inf,inf,768.188127999906,inf
23,44,inf,inf,inf,213.00234740490538,inf
23,45,inf,inf,inf,465.6973265974371,inf
23,46,inf,inf,inf,686.8900931007813,inf
23,47,inf,inf,inf,317.5436977803212,inf
23,48,inf,inf,inf,759.26609301351,inf
23,49,inf,inf,inf,260.27677575995904,inf
23,50,inf,inf,inf,667.9558368634861,inf
23,51,inf,inf,inf,389.9743581314033,inf
23,52,inf,inf,inf,557.6602908581532,inf
23,53,inf,inf,inf,207.90863377935992,inf
23,54,inf,inf,inf,748.0487951998854,inf
23,55,inf,inf,inf,732.3824137702926,inf
23,56,inf,inf,inf,473.5071277182636,inf
23,57,inf,inf,inf,328.18439938546743,inf
23,58,inf,inf,inf,774.2583548144637,inf
23,59,inf,inf,inf,697.4711463566074,inf
23,60,inf,inf,inf,466.43863476345956,inf
23,61,inf,inf,inf,386.5953957304717,inf
23,62,inf,inf,inf,450.8214724256155,inf
23,63,inf,inf,inf,683.6987640766948,inf
23,64,inf,inf,inf,697.4474890627968,inf
23,65,inf,inf,inf,668.1466904804663,inf
23,66,inf,inf,inf,653.0275645024489,inf
23,67,inf,inf,inf,54.230987451824994,inf
23,68,inf,inf,inf,509.09822235006874,inf
23,69,inf,inf,inf,356.97618968216915,inf
23,70,inf,inf,inf,422.19071519871204,inf
23,71,inf,inf,inf,224.8777445635739,inf
23,72,inf,inf,inf,705.311987704732,inf
23,73,inf,inf,inf,608.0008223678649,inf
23,74,inf,inf,inf,438.72770598629853,inf
23,75,inf,inf,inf,332.6875410952445,inf
23,76,inf,inf,inf,698.1933829534622,inf
23,77,inf,inf,inf,477.9759408171085,inf
23,78,inf,inf,inf,408.31482951271806,inf
23,79,inf,inf,inf,670.6891977659996,inf
23,80,inf,inf,inf,427.1030320660344,inf
23,81,inf,inf,inf,675.8764680028445,inf
23,82,inf,inf,inf,444.24542766358326,inf
23,83,inf,inf,inf,343.1807104136245,inf
23,84,inf,inf,inf,648.494410153241,inf
23,85,inf,inf,inf,776.392941750503,inf
23,86,inf,inf,inf,446.79413604030213,inf
23,87,inf,inf,inf,391.89411835341446,inf
23,88,inf,inf,inf,481.33979681717574,inf
23,89,inf,inf,inf,203.19940944796076,inf
23,90,inf,inf,inf,727.6159701380942,inf
23,91,inf,inf,inf,276.0163038662753,inf
23,92,inf,inf,inf,729.9863012413315,inf
23,93,inf,inf,inf,579.193404658582,inf
23,94,inf,inf,inf,259.7941492797711,inf
23,95,inf,inf,inf,660.5671805350308,inf
23,96,inf,inf,inf,640.1007733162021,inf
23,97,inf,inf,inf,707.6107687139872,inf
23,98,inf,inf,inf,699.9685707230004,inf
23,99,inf,inf,inf,282.41812972966164,inf
23,100,inf,inf,inf,636.2546659946786,inf
23,101,inf,inf,inf,606.7684896235137,inf
23,102,inf,inf,inf,216.34232133357543,inf
23,103,inf,inf,inf,567.6310421391698,inf
23,104,inf,inf,inf,370.63324189824095,inf
23,105,inf,inf,inf,683.5298091524612,inf
23,106,inf,inf,inf,731.4109651898856,inf
23,107,inf,inf,inf,337.51592555018794,inf
23,108,inf,inf,inf,174.3244102241565,inf
23,109,inf,inf,inf,217.04377438664304,inf
23,110,inf,inf,inf,548.5043299737933,inf
23,111,inf,inf,inf,695.1409928928088,inf
23,112,inf,inf,inf,435.74419101119406,inf
23,113,inf,inf,inf,355.0394344294729,inf
23,114,inf,inf,inf,695.4315207121402,inf
23,115,inf,inf,inf,730.0719142659851,inf
23,116,inf,inf,inf,617.7094786386234,inf
23,117,inf,inf,inf,75.18643494673756,inf
23,118,inf,inf,inf,142.35167719419397,inf
23,119,inf,inf,inf,481.8723897464971,inf
23,120,inf,inf,inf,554.3879508070138,inf
23,121,inf,inf,inf,144.81022063376605,inf
23,122,inf,inf,inf,321.00623046912966,inf
23,123,inf,inf,inf,694.2600377380222,inf
23,124,inf,inf,inf,406.7640593759483,inf
23,125,inf,inf,inf,506.7109629759356,inf
23,126,inf,inf,inf,704.0063920164362,inf
23,127,inf,inf,inf,699.3782953452302,inf
23,128,inf,inf,inf,765.7218816254372,inf
23,129,inf,inf,inf,657.0509873670384,inf
23,130,inf,inf,inf,202.02227599945508,inf
23,131,inf,inf,inf,698.6272253498284,inf
23,132,inf,inf,inf,709.0232718324554,inf
23,133,inf,inf,inf,704.0518446819098,inf
23,134,inf,inf,inf,443.02821580572044,inf
23,135,inf,inf,inf,233.42022191746798,inf
23,136,inf,inf,inf,443.8975106936285,inf
23,137,inf,inf,inf,729.6382665403453,inf
23,138,inf,inf,inf,677.608293927989,inf
23,139,inf,inf,inf,429.0291365396994,inf
23,140,inf,inf,inf,777.422664964175,inf
23,141,inf,inf,inf,331.621772505968,inf
23,142,inf,inf,inf,554.0442220617412,inf
23,143,inf,inf,inf,769.6856501195797,inf
23,144,inf,inf,inf,325.31830566385287,inf
23,145,inf,inf,inf,592.4905062530538,inf
23,146,inf,inf,inf,544.9421987697411,inf
23,147,inf,inf,inf,757.196143677449,inf
23,148,inf,inf,inf,294.0017006753532,inf
23,149,inf,inf,inf,475.8329538819269,inf
23,150,inf,inf,inf,647.3646576698484,inf
23,151,inf,inf,inf,308.2985565973347,inf
23,152,inf,inf,inf,525.1780650408011,inf
23,153,inf,inf,inf,557.5392362874562,inf
23,154,inf,inf,inf,541.7840898365325,inf
23,155,inf,inf,inf,515.7557561481985,inf
23,156,inf,inf,inf,775.8363229444726,inf
23,157,inf,inf,inf,739.0818628541766,inf
23,158,inf,inf,inf,751.6448629505825,inf
23,159,inf,inf,inf,195.35864454894235,inf
23,160,inf,inf,inf,689.9420265500573,inf
23,161,inf,inf,inf,245.9044529893674,inf
23,162,inf,inf,inf,131.24404748406687,inf
23,163,inf,inf,inf,357.0154058300566,inf
23,164,inf,inf,inf,238.43657437566074,inf
23,165,inf,inf,inf,338.178946713127,inf
23,166,inf,inf,inf,180.87841220001906,inf
23,167,inf,inf,inf,508.4977876058066,inf
23,168,inf,inf,inf,527.4021236210564,inf
23,169,inf,inf,inf,581.1041214791029,inf
23,170,inf,inf,inf,739.9905404800794,inf
24,25,inf,inf,inf,627.7969416937295,inf
24,26,inf,inf,inf,566.6339206224774,inf
24,27,inf,inf,inf,423.48317558080157,inf
24,28,inf,inf,inf,874.0692192269443,inf
24,29,inf,inf,inf,486.59634195090285,inf
24,30,inf,inf,inf,499.09618311503846,inf
24,31,inf,inf,inf,356.7197779770558,inf
24,32,inf,inf,inf,584.863231875624,inf
24,33,inf,inf,inf,445.9820624195552,inf
24,34,inf,inf,inf,199.37903600930565,inf
24,35,inf,inf,inf,291.48070262025925,inf
24,36,inf,inf,inf,532.1353211355172,inf
24,37,inf,inf,inf,528.7958017987662,inf
24,38,inf,inf,inf,509.9019513592785,inf
24,39,inf,inf,inf,600.3140844591271,inf
24,40,inf,inf,inf,185.6906028855526,inf
24,41,inf,inf,inf,749.4864908722504,inf
24,42,inf,inf,inf,684.0540914284484,inf
24,43,inf,inf,inf,911.7044477241515,inf
24,44,inf,inf,inf,291.56474409640134,inf
24,45,inf,inf,inf,451.87830220093554,inf
24,46,inf,inf,inf,898.6534370935216,inf
24,47,inf,inf,inf,103.00485425454472,inf
24,48,inf,inf,inf,932.1893584460188,inf
24,49,inf,inf,inf,250.79872407968904,inf
24,50,inf,inf,inf,751.1677575615183,inf
24,51,inf,inf,inf,554.1010738123506,inf
24,52,inf,inf,inf,336.857536653108,inf
24,53,inf,inf,inf,72.12489168102785,inf
24,54,inf,inf,inf,939.2576856220022,inf
24,55,inf,inf,inf,953.0771217482875,inf
24,56,inf,inf,inf,387.18083630262487,inf
24,57,inf,inf,inf,112.48555462813881,inf
24,58,inf,inf,inf,881.9297024139736,inf
24,59,inf,inf,inf,884.6027356955211,inf
24,60,inf,inf,inf,353.1529413724314,inf
24,61,inf,inf,inf,246.51977608297474,inf
24,62,inf,inf,inf,235.6692597688549,inf
24,63,inf,inf,inf,858.1515017757646,inf
24,64,inf,inf,inf,492.0497942281858,inf
24,65,inf,inf,inf,842.4915429842605,inf
24,66,inf,inf,inf,870.8828853525599,inf
24,67,inf,inf,inf,263.77452492611945,inf
24,68,inf,inf,inf,560.0223209837266,inf
24,69,inf,inf,inf,251.14935795259362,inf
24,70,inf,inf,inf,316.07752213657966,inf
24,71,inf,inf,inf,125.13193037750197,inf
24,72,inf,inf,inf,749.1842230052632,inf
24,73,inf,inf,inf,450.48085419915463,inf
24,74,inf,inf,inf,633.2219200248835,inf
24,75,inf,inf,inf,520.0086537741463,inf
24,76,inf,inf,inf,598.6401256180544,inf
24,77,inf,inf,inf,391.0716046966335,inf
24,78,inf,inf,inf,270.4163456597992,inf
24,79,inf,inf,inf,805.1360133542655,inf
24,80,inf,inf,inf,240.16869071550522,inf
24,81,inf,inf,inf,689.8441853056385,inf
24,82,inf,inf,inf,518.9547186412317,inf
24,83,inf,inf,inf,123.14625451064275,inf
24,84,inf,inf,inf,834.420157954013,inf
24,85,inf,inf,inf,661.2730147223612,inf
24,86,inf,inf,inf,485.2349946160108,inf
24,87,inf,inf,inf,240.05207768315609,inf
24,88,inf,inf,inf,686.1399274200562,inf
24,89,inf,inf,inf,353.1147122395214,inf
24,90,inf,inf,inf,633.1674344120993,inf
24,91,inf,inf,inf,484.62047005878736,inf
24,92,inf,inf,inf,741.6009708731509,inf
24,93,inf,inf,inf,576.9376049452835,inf
24,94,inf,inf,inf,288.46663585239804,inf
24,95,inf,inf,inf,541.2993626451079,inf
24,96,inf,inf,inf,860.5167052416821,inf
24,97,inf,inf,inf,893.6582120699165,inf
24,98,inf,inf,inf,774.7464101239838,inf
24,99,inf,inf,inf,81.60882305241266,inf
24,100,inf,inf,inf,584.1985963694195,inf
24,101,inf,inf,inf,813.8230765958901,inf
24,102,inf,inf,inf,43.174066289845804,inf
24,103,inf,inf,inf,445.54348833755836,inf
24,104,inf,inf,inf,528.2508873631922,inf
24,105,inf,inf,inf,688.5383068500983,inf
24,106,inf,inf,inf,945.84671062493,inf
24,107,inf,inf,inf,446.4134854593889,inf
24,108,inf,inf,inf,147.73286702694156,inf
24,109,inf,inf,inf,409.2529779977172,inf
24,110,inf,inf,inf,507.780464374123,inf
24,111,inf,inf,inf,810.6275346914882,inf
24,112,inf,inf,inf,613.6880314948304,inf
24,113,inf,inf,inf,139.30183056945089,inf
24,114,inf,inf,inf,783.0970565645104,inf
24,115,inf,inf,inf,553.0976405662927,inf
24,116,inf,inf,inf,824.2408628550273,inf
24,117,inf,inf,inf,247.00809703327542,inf
24,118,inf,inf,inf,260.4995201531089,inf
24,119,inf,inf,inf,266.7376988728815,inf
24,120,inf,inf,inf,520.8781047423668,inf
24,121,inf,inf,inf,207.09901013766338,inf
24,122,inf,inf,inf,218.44221203787512,inf
24,123,inf,inf,inf,817.8661259643903,inf
24,124,inf,inf,inf,216.8985938174796,inf
24,125,inf,inf,inf,580.1585990054789,inf
24,126,inf,inf,inf,851.0846021401163,inf
24,127,inf,inf,inf,848.2464264587267,inf
24,128,inf,inf,inf,558.9221770515104,inf
24,129,inf,inf,inf,751.2336520683828,inf
24,130,inf,inf,inf,97.02061636580135,inf
24,131,inf,inf,inf,656.5150417164865,inf
24,132,inf,inf,inf,874.7856880402194,inf
24,133,inf,inf,inf,494.8181484141421,inf
24,134,inf,inf,inf,571.309023208981,inf
24,135,inf,inf,inf,440.32828662260613,inf
24,136,inf,inf,inf,559.08586102673,inf
24,137,inf,inf,inf,943.7160589923221,inf
24,138,inf,inf,inf,876.9064944451034,inf
24,139,inf,inf,inf,245.68679248181007,inf
24,140,inf,inf,inf,821.7018924159784,inf
24,141,inf,inf,inf,475.42927970414274,inf
24,142,inf,inf,inf,515.2057841290216,inf
24,143,inf,inf,inf,911.4845034338214,inf
24,144,inf,inf,inf,136.3084736911099,inf
24,145,inf,inf,inf,801.1398130164297,inf
24,146,inf,inf,inf,340.62589449423837,inf
24,147,inf,inf,inf,941.6804128790192,inf
24,148,inf,inf,inf,514.8834819646091,inf
24,149,inf,inf,inf,678.1187211690885,inf
24,150,inf,inf,inf,698.6393919612607,inf
24,151,inf,inf,inf,525.6805113374472,inf
24,152,inf,inf,inf,365.64463622484607,inf
24,153,inf,inf,inf,336.69273826443003,inf
24,154,inf,inf,inf,334.0688551780905,inf
24,155,inf,inf,inf,295.7431317883815,inf
24,156,inf,inf,inf,753.7174536920318,inf
24,157,inf,inf,inf,944.8523694207471,inf
24,158,inf,inf,inf,705.8285910899331,inf
24,159,inf,inf,inf,203.2953516438583,inf
24,160,inf,inf,inf,673.0289741162709,inf
24,161,inf,inf,inf,373.2626421167808,inf
24,162,inf,inf,inf,195.5326059765992,inf
24,163,inf,inf,inf,382.68524925844736,inf
24,164,inf,inf,inf,343.1850812608264,inf
24,165,inf,inf,inf,553.8637016450889,inf
24,166,inf,inf,inf,241.4560001325293,inf
24,167,inf,inf,inf,660.6012412946255,inf
24,168,inf,inf,inf,343.72227160892555,inf
24,169,inf,inf,inf,779.8525501657349,inf
24,170,inf,inf,inf,954.1708442412187,inf
25,26,inf,inf,inf,552.3812089490373,inf
25,27,inf,inf,inf,991.2360970021219,inf
25,28,inf,inf,inf,699.5784444935392,inf
25,29,inf,inf,inf,850.2264404263137,inf
25,30,inf,inf,inf,431.84487955746334,inf
25,31,inf,inf,inf,523.1156659860227,inf
25,32,inf,inf,inf,319.6904753038476,inf
25,33,inf,inf,inf,809.8969070196528,inf
25,34,inf,inf,inf,764.5632740329606,inf
25,35,inf,inf,inf,656.5972890592833,inf
25,36,inf,inf,inf,628.7837466092774,inf
25,37,inf,inf,inf,1151.730871341044,inf
25,38,inf,inf,inf,927.1251263988049,inf
25,39,inf,inf,inf,113.35784048754634,inf
25,40,inf,inf,inf,735.0170066059696,inf
25,41,inf,inf,inf,257.0311265197272,inf
25,42,inf,inf,inf,1304.1246106105045,inf
25,43,inf,inf,inf,1413.6428120285548,inf
25,44,inf,inf,inf,454.37099379251754,inf
25,45,inf,inf,inf,194.4556504707436,inf
25,46,inf,inf,inf,1206.10488764452,inf
25,47,inf,inf,inf,594.9596624982235,inf
25,48,inf,inf,inf,1375.8233898287963,inf
25,49,inf,inf,inf,861.7894174332846,inf
25,50,inf,inf,inf,1326.9905802227836,inf
25,51,inf,inf,inf,1035.2048106534282,inf
25,52,inf,inf,inf,704.5594368114021,inf
25,53,inf,inf,inf,695.4746580573587,inf
25,54,inf,inf,inf,1332.2499765434413,inf
25,55,inf,inf,inf,1151.1320515040836,inf
25,56,inf,inf,inf,255.69122002915938,inf
25,57,inf,inf,inf,679.9073466289359,inf
25,58,inf,inf,inf,1433.3558525362778,inf
25,59,inf,inf,inf,792.4121402401656,inf
25,60,inf,inf,inf,973.3509130832518,inf
25,61,inf,inf,inf,863.6347607640628,inf
25,62,inf,inf,inf,603.2685968952801,inf
25,63,inf,inf,inf,1301.7883852608304,inf
25,64,inf,inf,inf,616.6230615213804,inf
25,65,inf,inf,inf,710.1387188430159,inf
25,66,inf,inf,inf,982.5069974305527,inf
25,67,inf,inf,inf,639.9140567294955,inf
25,68,inf,inf,inf,247.45504642257754,inf
25,69,inf,inf,inf,877.7818635629242,inf
25,70,inf,inf,inf,940.2223141363961,inf
25,71,inf,inf,inf,506.7001085454788,inf
25,72,inf,inf,inf,250.4595775769016,inf
25,73,inf,inf,inf,1030.2980151393092,inf
25,74,inf,inf,inf,680.685683704307,inf
25,75,inf,inf,inf,960.8163195949578,inf
25,76,inf,inf,inf,206.20620747203515,inf
25,77,inf,inf,inf,253.16002844051033,inf
25,78,inf,inf,inf,886.1794400684322,inf
25,79,inf,inf,inf,545.0807279660509,inf
25,80,inf,inf,inf,817.449692641694,inf
25,81,inf,inf,inf,144.31216164966833,inf
25,82,inf,inf,inf,1099.1510360273514,inf
25,83,inf,inf,inf,661.2382324094698,inf
25,84,inf,inf,inf,754.1352663813037,inf
25,85,inf,inf,inf,1265.3604229625644,inf
25,86,inf,inf,inf,1087.5817210674331,inf
25,87,inf,inf,inf,851.6067167419477,inf
25,88,inf,inf,inf,757.0396290815956,inf
25,89,inf,inf,inf,523.0038240777977,inf
25,90,inf,inf,inf,1250.1239938502101,inf
25,91,inf,inf,inf,874.2082131849369,inf
25,92,inf,inf,inf,1360.506155811138,inf
25,93,inf,inf,inf,1198.1986479711952,inf
25,94,inf,inf,inf,885.8577763952857,inf
25,95,inf,inf,inf,1148.1968472348285,inf
25,96,inf,inf,inf,1083.1749627830216,inf
25,97,inf,inf,inf,793.5464699688355,inf
25,98,inf,inf,inf,348.4207226902556,inf
25,99,inf,inf,inf,691.6595983574579,inf
25,100,inf,inf,inf,1211.853539005436,inf
25,101,inf,inf,inf,850.3111195321393,inf
25,102,inf,inf,inf,585.3656976625808,inf
25,103,inf,inf,inf,1056.1609725794642,inf
25,104,inf,inf,inf,1020.8858898035569,inf
25,105,inf,inf,inf,1309.072954422327,inf
25,106,inf,inf,inf,1003.0,inf
25,107,inf,inf,inf,997.05566544702,inf
25,108,inf,inf,inf,516.7068801554707,inf
25,109,inf,inf,inf,854.6630915161834,inf
25,110,inf,inf,inf,120.01666550941998,inf
25,111,inf,inf,inf,487.48333304842333,inf
25,112,inf,inf,inf,609.3882178053658,inf
25,113,inf,inf,inf,691.3696551049952,inf
25,114,inf,inf,inf,389.6665240946417,inf
25,115,inf,inf,inf,488.15161579165135,inf
25,116,inf,inf,inf,854.0843049722902,inf
25,117,inf,inf,inf,595.6676925937817,inf
25,118,inf,inf,inf,795.8775031372604,inf
25,119,inf,inf,inf,759.1429377923502,inf
25,120,inf,inf,inf,108.2266141020775,inf
25,121,inf,inf,inf,516.5510623355642,inf
25,122,inf,inf,inf,410.8186948034376,inf
25,123,inf,inf,inf,516.9235920327104,inf
25,124,inf,inf,inf,796.026381472373,inf
25,125,inf,inf,inf,302.0149002946709,inf
25,126,inf,inf,inf,613.7752031485143,inf
25,127,inf,inf,inf,618.32434854209,inf
25,128,inf,inf,inf,1006.1416401282675,inf
25,129,inf,inf,inf,394.07740356432515,inf
25,130,inf,inf,inf,539.4293280866364,inf
25,131,inf,inf,inf,45.35416188179427,inf
25,132,inf,inf,inf,696.560837256876,inf
25,133,inf,inf,inf,944.4797509740481,inf
25,134,inf,inf,inf,448.61230477997367,inf
25,135,inf,inf,inf,845.133125608031,inf
25,136,inf,inf,inf,412.84621834285946,inf
25,137,inf,inf,inf,998.0045090078502,inf
25,138,inf,inf,inf,847.9775940436163,inf
25,139,inf,inf,inf,486.5439342957633,inf
25,140,inf,inf,inf,1426.2443689634677,inf
25,141,inf,inf,inf,988.7942151934345,inf
25,142,inf,inf,inf,1142.5200217064032,inf
25,143,inf,inf,inf,1416.2178504735773,inf
25,144,inf,inf,inf,739.8466057231053,inf
25,145,inf,inf,inf,852.0856764433962,inf
25,146,inf,inf,inf,851.5286254730372,inf
25,147,inf,inf,inf,1354.9158645465777,inf
25,148,inf,inf,inf,810.8131720686338,inf
25,149,inf,inf,inf,739.3902893600916,inf
25,150,inf,inf,inf,1297.6671375973117,inf
25,151,inf,inf,inf,862.5989798278224,inf
25,152,inf,inf,inf,953.713269279609,inf
25,153,inf,inf,inf,706.4679752118988,inf
25,154,inf,inf,inf,835.0071855978247,inf
25,155,inf,inf,inf,733.0027285078821,inf
25,156,inf,inf,inf,1380.642241857028,inf
25,157,inf,inf,inf,1280.3831457809806,inf
25,158,inf,inf,inf,1333.4635353094586,inf
25,159,inf,inf,inf,799.7912227575393,inf
25,160,inf,inf,inf,1298.74901347412,inf
25,161,inf,inf,inf,905.8432535488687,inf
25,162,inf,inf,inf,756.0952320971214,inf
25,163,inf,inf,inf,987.6887161449198,inf
25,164,inf,inf,inf,454.31376822632177,inf
25,165,inf,inf,inf,894.9748599821114,inf
25,166,inf,inf,inf,814.913492341365,inf
25,167,inf,inf,inf,539.3709298803561,inf
25,168,inf,inf,inf,902.5585853560975,inf
25,169,inf,inf,inf,781.0025608152639,inf
25,170,inf,inf,inf,1238.3234633971852,inf
26,27,inf,inf,inf,981.7148262097298,inf
26,28,inf,inf,inf,308.7798568559808,inf
26,29,inf,inf,inf,400.26241392366586,inf
26,30,inf,inf,inf,805.6208785775106,inf
26,31,inf,inf,inf,210.2974084481309,inf
26,32,inf,inf,inf,778.869051895118,inf
26,33,inf,inf,inf,377.22407134221964,inf
26,34,inf,inf,inf,540.1499791724517,inf
26,35,inf,inf,inf,805.4098335630129,inf
26,36,inf,inf,inf,950.9752888482434,inf
26,37,inf,inf,inf,1014.8541767170296,inf
26,38,inf,inf,inf,490.6179776567508,inf
26,39,inf,inf,inf,443.1986010808247,inf
26,40,inf,inf,inf,512.5085365142711,inf
26,41,inf,inf,inf,440.40890090914377,inf
26,42,inf,inf,inf,1167.0201369299502,inf
26,43,inf,inf,inf,965.2673204869209,inf
26,44,inf,inf,inf,289.9448223369405,inf
26,45,inf,inf,inf,410.81382644696856,inf
26,46,inf,inf,inf,670.2417474314772,inf
26,47,inf,inf,inf,626.906691621648,inf
26,48,inf,inf,inf,888.8335052190596,inf
26,49,inf,inf,inf,659.4133756605185,inf
26,50,inf,inf,inf,968.1781860794014,inf
26,51,inf,inf,inf,621.7025012013382,inf
26,52,inf,inf,inf,860.5631876858317,inf
26,53,inf,inf,inf,588.0986311835796,inf
26,54,inf,inf,inf,821.1972966346151,inf
26,55,inf,inf,inf,598.9407316254255,inf
26,56,inf,inf,inf,533.5100748814402,inf
26,57,inf,inf,inf,677.0443116960662,inf
26,58,inf,inf,inf,1031.8691777546221,inf
26,59,inf,inf,inf,325.37977810552394,inf
26,60,inf,inf,inf,867.5695937502651,inf
26,61,inf,inf,inf,781.7224571419193,inf
26,62,inf,inf,inf,735.4576806315915,inf
26,63,inf,inf,inf,820.8885429825416,inf
26,64,inf,inf,inf,919.0805187795028,inf
26,65,inf,inf,inf,275.9746365157494,inf
26,66,inf,inf,inf,433.01847535642173,inf
26,67,inf,inf,inf,348.5182922028627,inf
26,68,inf,inf,inf,307.2930197710322,inf
26,69,inf,inf,inf,757.3546065087345,inf
26,70,inf,inf,inf,823.48831199963,inf
26,71,inf,inf,inf,480.52055106935853,inf
26,72,inf,inf,inf,446.2790606784056,inf
26,73,inf,inf,inf,1001.8627650531784,inf
26,74,inf,inf,inf,128.56126943990557,inf
26,75,inf,inf,inf,532.7785656349174,inf
26,76,inf,inf,inf,701.5098003591967,inf
26,77,inf,inf,inf,536.716871357702,inf
26,78,inf,inf,inf,804.5551565927597,inf
26,79,inf,inf,inf,278.9587783167972,inf
26,80,inf,inf,inf,803.8836980558817,inf
26,81,inf,inf,inf,478.87472265718935,inf
26,82,inf,inf,inf,781.0172853400877,inf
26,83,inf,inf,inf,680.397677832604,inf
26,84,inf,inf,inf,275.3270782178898,inf
26,85,inf,inf,inf,1178.3004710174735,inf
26,86,inf,inf,inf,810.0302463488632,inf
26,87,inf,inf,inf,783.8552162229961,inf
26,88,inf,inf,inf,205.41178155110774,inf
26,89,inf,inf,inf,213.88782106515555,inf
26,90,inf,inf,inf,1128.5056490775755,inf
26,91,inf,inf,inf,434.42490720491617,inf
26,92,inf,inf,inf,1089.5145708066507,inf
26,93,inf,inf,inf,954.9685858707604,inf
26,94,inf,inf,inf,650.3299162732712,inf
26,95,inf,inf,inf,1062.2151382841425,inf
26,96,inf,inf,inf,534.1095393269062,inf
26,97,inf,inf,inf,333.0480445821593,inf
26,98,inf,inf,inf,388.07473507045006,inf
26,99,inf,inf,inf,646.109897772817,inf
26,100,inf,inf,inf,1029.734917345236,inf
26,101,inf,inf,inf,312.27231705676377,inf
26,102,inf,inf,inf,536.7103501890009,inf
26,103,inf,inf,inf,968.6800297311801,inf
26,104,inf,inf,inf,620.9774553073565,inf
26,105,inf,inf,inf,1049.6747115178111,inf
26,106,inf,inf,inf,466.7590384770283,inf
26,107,inf,inf,inf,663.1327167317263,inf
26,108,inf,inf,inf,428.81347926575256,inf
26,109,inf,inf,inf,467.3692330481329,inf
26,110,inf,inf,inf,497.40225170378955,inf
26,111,inf,inf,inf,322.28093334853054,inf
26,112,inf,inf,inf,62.36184731067546,inf
26,113,inf,inf,inf,702.8065167597694,inf
26,114,inf,inf,inf,363.0495833904785,inf
26,115,inf,inf,inf,877.1299789654895,inf
26,116,inf,inf,inf,318.69264189811474,inf
26,117,inf,inf,inf,336.81597349294464,inf
26,118,inf,inf,inf,522.1743004016954,inf
26,119,inf,inf,inf,826.4581054112786,inf
26,120,inf,inf,inf,488.0040983434463,inf
26,121,inf,inf,inf,361.13709308239163,inf
26,122,inf,inf,inf,495.6177962906498,inf
26,123,inf,inf,inf,311.9054343867705,inf
26,124,inf,inf,inf,781.2509199994583,inf
26,125,inf,inf,inf,260.18839328455834,inf
26,126,inf,inf,inf,303.58689036254515,inf
26,127,inf,inf,inf,298.4292210893565,inf
26,128,inf,inf,inf,1121.8003387412575,inf
26,129,inf,inf,inf,320.62750973676606,inf
26,130,inf,inf,inf,487.41050460571734,inf
26,131,inf,inf,inf,597.5968540747182,inf
26,132,inf,inf,inf,309.89030317194505,inf
26,133,inf,inf,inf,1056.4454552886295,inf
26,134,inf,inf,inf,110.9414259868693,inf
26,135,inf,inf,inf,428.51487722131657,inf
26,136,inf,inf,inf,143.37712509323097,inf
26,137,inf,inf,inf,462.44783489600206,inf
26,138,inf,inf,inf,340.4717315725345,inf
26,139,inf,inf,inf,655.2098900352466,inf
26,140,inf,inf,inf,1108.4710190167355,inf
26,141,inf,inf,inf,616.8865373794439,inf
26,142,inf,inf,inf,945.8419529710025,inf
26,143,inf,inf,inf,969.9783502738605,inf
26,144,inf,inf,inf,698.2964986307751,inf
26,145,inf,inf,inf,309.58843647655834,inf
26,146,inf,inf,inf,906.4413935826187,inf
26,147,inf,inf,inf,852.3215355721103,inf
26,148,inf,inf,inf,329.26129441524097,inf
26,149,inf,inf,inf,188.13027401245128,inf
26,150,inf,inf,inf,981.6644029402308,inf
26,151,inf,inf,inf,389.7717280665698,inf
26,152,inf,inf,inf,917.3189194604023,inf
26,153,inf,inf,inf,861.2850863680387,inf
26,154,inf,inf,inf,898.6389708887547,inf
26,155,inf,inf,inf,841.6044201404839,inf
26,156,inf,inf,inf,1153.4591453536618,inf
26,157,inf,inf,inf,749.4771510860088,inf
26,158,inf,inf,inf,1140.3946685248927,inf
26,159,inf,inf,inf,596.3899730880794,inf
26,160,inf,inf,inf,1067.9485006309994,inf
26,161,inf,inf,inf,580.1180914262198,inf
26,162,inf,inf,inf,531.6812955145216,inf
26,163,inf,inf,inf,737.0169604561349,inf
26,164,inf,inf,inf,236.19060099843094,inf
26,165,inf,inf,inf,415.12046444375636,inf
26,166,inf,inf,inf,573.9242110244174,inf
26,167,inf,inf,inf,110.16351483136329,inf
26,168,inf,inf,inf,907.55550794428,inf
26,169,inf,inf,inf,251.87298386289865,inf
26,170,inf,inf,inf,695.1402736138945,inf
27,28,inf,inf,inf,1290.4933165266684,inf
27,29,inf,inf,inf,792.8795621025932,inf
27,30,inf,inf,inf,693.2337268194617,inf
27,31,inf,inf,inf,771.9773312733995,inf
27,32,inf,inf,inf,831.1058897637532,inf
27,33,inf,inf,inf,765.094765372238,inf
27,34,inf,inf,inf,476.48924436969196,inf
27,35,inf,inf,inf,364.47908033246574,inf
27,36,inf,inf,inf,589.733838269435,inf
27,37,inf,inf,inf,260.44769148525774,inf
27,38,inf,inf,inf,770.7308220124585,inf
27,39,inf,inf,inf,991.2441677003703,inf
27,40,inf,inf,inf,494.0495926523976,inf
27,41,inf,inf,inf,1155.3579531902656,inf
27,42,inf,inf,inf,363.5876785591063,inf
27,43,inf,inf,inf,986.4932843157119,inf
27,44,inf,inf,inf,714.9265696559332,inf
27,45,inf,inf,inf,844.0023696649198,inf
27,46,inf,inf,inf,1153.0290542740022,inf
27,47,inf,inf,inf,406.2413075993134,inf
27,48,inf,inf,inf,1070.8001680986047,inf
27,49,inf,inf,inf,388.7235521549987,inf
27,50,inf,inf,inf,735.2720584926371,inf
27,51,inf,inf,inf,740.1688996438584,inf
27,52,inf,inf,inf,341.2110783664563,inf
27,53,inf,inf,inf,393.6495903719449,inf
27,54,inf,inf,inf,1123.9933273823292,inf
27,55,inf,inf,inf,1261.5617305546327,inf
27,56,inf,inf,inf,735.5576116117622,inf
27,57,inf,inf,inf,327.4522866006588,inf
27,58,inf,inf,inf,887.2981460591474,inf
27,59,inf,inf,inf,1289.485168584734,inf
27,60,inf,inf,inf,180.56854654119581,inf
27,61,inf,inf,inf,208.83007446246816,inf
27,62,inf,inf,inf,396.6484589658707,inf
27,63,inf,inf,inf,1009.2621066898331,inf
27,64,inf,inf,inf,558.588399449899,inf
27,65,inf,inf,inf,1255.328642228799,inf
27,66,inf,inf,inf,1224.4153706973789,inf
27,67,inf,inf,inf,646.4093130517226,inf
27,68,inf,inf,inf,973.4644318104283,inf
27,69,inf,inf,inf,253.71243564319033,inf
27,70,inf,inf,inf,212.47352776287215,inf
27,71,inf,inf,inf,538.2713070562094,inf
27,72,inf,inf,inf,1153.998700172578,inf
27,73,inf,inf,inf,46.09772228646444,inf
27,74,inf,inf,inf,1031.4281361297062,inf
27,75,inf,inf,inf,757.5414180096029,inf
27,76,inf,inf,inf,894.3243259578709,inf
27,77,inf,inf,inf,738.0819737671419,inf
27,78,inf,inf,inf,190.24457942343588,inf
27,79,inf,inf,inf,1228.2874256459684,inf
27,80,inf,inf,inf,184.967564724197,inf
27,81,inf,inf,inf,1081.4162010992807,inf
27,82,inf,inf,inf,565.7561312084916,inf
27,83,inf,inf,inf,338.3326765182459,inf
27,84,inf,inf,inf,1240.1020119328894,inf
27,85,inf,inf,inf,288.11803136909015,inf
27,86,inf,inf,inf,487.46794766425415,inf
27,87,inf,inf,inf,201.07958623390888,inf
27,88,inf,inf,inf,1072.7842280719829,inf
27,89,inf,inf,inf,768.4269646492112,inf
27,90,inf,inf,inf,304.8032152061392,inf
27,91,inf,inf,inf,774.372649310395,inf
27,92,inf,inf,inf,591.3459224514869,inf
27,93,inf,inf,inf,457.22314027179334,inf
27,94,inf,inf,inf,430.76791895404654,inf
27,95,inf,inf,inf,190.21303845951255,inf
27,96,inf,inf,inf,1168.3599616556535,inf
27,97,inf,inf,inf,1299.387932836072,inf
27,98,inf,inf,inf,1190.614127246943,inf
27,99,inf,inf,inf,341.891795748304,inf
27,100,inf,inf,inf,361.178626167164,inf
27,101,inf,inf,inf,1196.2048319581393,inf
27,102,inf,inf,inf,461.57339611377085,inf
27,103,inf,inf,inf,144.10065926289164,inf
27,104,inf,inf,inf,710.1865951987548,inf
27,105,inf,inf,inf,540.8003328401343,inf
27,106,inf,inf,inf,1310.6288566943733,inf
27,107,inf,inf,inf,582.7186284992097,inf
27,108,inf,inf,inf,571.0525369876225,inf
27,109,inf,inf,inf,684.358093398478,inf
27,110,inf,inf,inf,876.3292760144442,inf
27,111,inf,inf,inf,1233.7848272693257,inf
27,112,inf,inf,inf,1023.3186209583015,inf
27,113,inf,inf,inf,308.58548248418947,inf
27,114,inf,inf,inf,1202.2499740070698,inf
27,115,inf,inf,inf,708.0713240910127,inf
27,116,inf,inf,inf,1207.419148431894,inf
27,117,inf,inf,inf,647.207076599136,inf
27,118,inf,inf,inf,527.5092416252061,inf
27,119,inf,inf,inf,238.1365154695936,inf
27,120,inf,inf,inf,893.411439371581,inf
27,121,inf,inf,inf,628.7066088407215,inf
27,122,inf,inf,inf,598.1011620119125,inf
27,123,inf,inf,inf,1241.3383906091037,inf
27,124,inf,inf,inf,208.4922060893404,inf
27,125,inf,inf,inf,999.0565549557242,inf
27,126,inf,inf,inf,1272.8381672467242,inf
27,127,inf,inf,inf,1269.6645226200503,inf
27,128,inf,inf,inf,246.6576574931336,inf
27,129,inf,inf,inf,1172.0247437661033,inf
27,130,inf,inf,inf,516.9535762522588,inf
27,131,inf,inf,inf,1009.0044598513923,inf
27,132,inf,inf,inf,1291.561845209125,inf
27,133,inf,inf,inf,219.85677155821242,inf
27,134,inf,inf,inf,994.2233149549451,inf
27,135,inf,inf,inf,734.6216713383835,inf
27,136,inf,inf,inf,982.5604307115161,inf
27,137,inf,inf,inf,1309.5777945582308,inf
27,138,inf,inf,inf,1270.0035433021437,inf
27,139,inf,inf,inf,508.48795462626254,inf
27,140,inf,inf,inf,715.0272722071516,inf
27,141,inf,inf,inf,652.5342902867251,inf
27,142,inf,inf,inf,354.8309456628607,inf
27,143,inf,inf,inf,982.6260733361394,inf
27,144,inf,inf,inf,287.2525021649072,inf
27,145,inf,inf,inf,1180.8374147188936,inf
27,146,inf,inf,inf,156.46085772486356,inf
27,147,inf,inf,inf,1108.1660525390587,inf
27,148,inf,inf,inf,850.8636788581352,inf
27,149,inf,inf,inf,1068.0959694709086,inf
27,150,inf,inf,inf,636.227160690268,inf
27,151,inf,inf,inf,836.737712786988,inf
27,152,inf,inf,inf,70.83784299369935,inf
27,153,inf,inf,inf,338.9985250705377,inf
27,154,inf,inf,inf,175.32826355154492,inf
27,155,inf,inf,inf,282.29417280560364,inf
27,156,inf,inf,inf,535.372767331324,inf
27,157,inf,inf,inf,1173.575732537104,inf
27,158,inf,inf,inf,453.76645975655805,inf
27,159,inf,inf,inf,425.0705823742688,inf
27,160,inf,inf,inf,487.4935897014442,inf
27,161,inf,inf,inf,573.8440554715191,inf
27,162,inf,inf,inf,482.05912500439194,inf
27,163,inf,inf,inf,433.64732214093056,inf
27,164,inf,inf,inf,765.9046938098761,inf
27,165,inf,inf,inf,854.8198640649385,inf
27,166,inf,inf,inf,470.4604127873035,inf
27,167,inf,inf,inf,1080.3795629314727,inf
27,168,inf,inf,inf,88.68483523128404,inf
27,169,inf,inf,inf,1173.7614749172849,inf
27,170,inf,inf,inf,1215.631523118745,inf
28,29,inf,inf,inf,641.8730404059669,inf
28,30,inf,inf,inf,1048.4750831564859,inf
28,31,inf,inf,inf,518.7870468699078,inf
28,32,inf,inf,inf,988.5949625605018,inf
28,33,inf,inf,inf,634.0197157817728,inf
28,34,inf,inf,inf,843.1328483696979,inf
28,35,inf,inf,inf,1099.4589578515424,inf
28,36,inf,inf,inf,1215.2057438968925,inf
28,37,inf,inf,inf,1315.8882931312976,inf
28,38,inf,inf,inf,727.2227994225703,inf
28,39,inf,inf,inf,588.8327436547665,inf
28,40,inf,inf,inf,816.835356727413,inf
28,41,inf,inf,inf,482.3743359674103,inf
28,42,inf,inf,inf,1465.575995982467,inf
28,43,inf,inf,inf,1148.4615796795295,inf
28,44,inf,inf,inf,589.9330470485613,inf
28,45,inf,inf,inf,628.9173236602726,inf
28,46,inf,inf,inf,756.4687700097077,inf
28,47,inf,inf,inf,928.9052696588603,inf
28,48,inf,inf,inf,1038.315944209661,inf
28,49,inf,inf,inf,960.683610768915,inf
28,50,inf,inf,inf,1209.1559039263714,inf
28,51,inf,inf,inf,857.4572875659755,inf
28,52,inf,inf,inf,1155.3086167773527,inf
28,53,inf,inf,inf,896.877360624071,inf
28,54,inf,inf,inf,943.0100741773653,inf
28,55,inf,inf,inf,608.8357742445824,inf
28,56,inf,inf,inf,775.649405337231,inf
28,57,inf,inf,inf,983.4164936587142,inf
28,58,inf,inf,inf,1245.8800102738626,inf
28,59,inf,inf,inf,122.11879462228572,inf
28,60,inf,inf,inf,1173.8458161104463,inf
28,61,inf,inf,inf,1090.0316509166144,inf
28,62,inf,inf,inf,1029.3012192745134,inf
28,63,inf,inf,inf,982.5970689962392,inf
28,64,inf,inf,inf,1187.2868229707597,inf
28,65,inf,inf,inf,55.036351623268054,inf
28,66,inf,inf,inf,417.43262929483603,inf
28,67,inf,inf,inf,653.3636047408824,inf
28,68,inf,inf,inf,473.19340654747083,inf
28,69,inf,inf,inf,1064.1639911216691,inf
28,70,inf,inf,inf,1129.5910764520052,inf
28,71,inf,inf,inf,781.3993857177007,inf
28,72,inf,inf,inf,490.40799340956914,inf
28,73,inf,inf,inf,1310.4686184720335,inf
28,74,inf,inf,inf,293.0,inf
28,75,inf,inf,inf,769.3958668981787,inf
28,76,inf,inf,inf,890.2319922357318,inf
28,77,inf,inf,inf,777.7943172844605,inf
28,78,inf,inf,inf,1112.7137996807626,inf
28,79,inf,inf,inf,161.0496817755316,inf
28,80,inf,inf,inf,1112.2526691359296,inf
28,81,inf,inf,inf,575.402467843161,inf
28,82,inf,inf,inf,1049.093418147307,inf
28,83,inf,inf,inf,985.2684913260954,inf
28,84,inf,inf,inf,121.03718436910205,inf
28,85,inf,inf,inf,1482.5427481189201,inf
28,86,inf,inf,inf,1089.5448591040206,inf
28,87,inf,inf,inf,1092.479748096046,inf
28,88,inf,inf,inf,303.9161068452937,inf
28,89,inf,inf,inf,522.3609862920468,inf
28,90,inf,inf,inf,1429.6642962597898,inf
28,91,inf,inf,inf,677.2370338367506,inf
28,92,inf,inf,inf,1360.1944713900289,inf
28,93,inf,inf,inf,1237.921645339478,inf
28,94,inf,inf,inf,946.8526812551148,inf
28,95,inf,inf,inf,1367.720000584915,inf
28,96,inf,inf,inf,587.5729741912915,inf
28,97,inf,inf,inf,116.0775602776006,inf
28,98,inf,inf,inf,387.0826785068017,inf
28,99,inf,inf,inf,954.1283980681006,inf
28,100,inf,inf,inf,1323.6589439882164,inf
28,101,inf,inf,inf,277.71388153997634,inf
28,102,inf,inf,inf,842.5775928660814,inf
28,103,inf,inf,inf,1275.0380386482593,inf
28,104,inf,inf,inf,864.6860702012032,inf
28,105,inf,inf,inf,1325.1362194129326,inf
28,106,inf,inf,inf,381.2886046028651,inf
28,107,inf,inf,inf,933.0262590088234,inf
28,108,inf,inf,inf,733.0948096938076,inf
28,109,inf,inf,inf,734.1151135891428,inf
28,110,inf,inf,inf,693.7045480606279,inf
28,111,inf,inf,inf,236.1228493814184,inf
28,112,inf,inf,inf,272.6169473822198,inf
28,113,inf,inf,inf,1008.754677808237,inf
28,114,inf,inf,inf,341.2477106150311,inf
28,115,inf,inf,inf,1118.4069026968673,inf
28,116,inf,inf,inf,271.97426348829407,inf
28,117,inf,inf,inf,644.9201500961185,inf
28,118,inf,inf,inf,818.3966031210051,inf
28,119,inf,inf,inf,1130.557384655905,inf
28,120,inf,inf,inf,677.89748487511,inf
28,121,inf,inf,inf,667.431644440088,inf
28,122,inf,inf,inf,779.970512263124,inf
28,123,inf,inf,inf,203.19448811422026,inf
28,124,inf,inf,inf,1089.5063102157785,inf
28,125,inf,inf,inf,415.9146547069483,inf
28,126,inf,inf,inf,99.24716620639605,inf
28,127,inf,inf,inf,91.2414379544733,inf
28,128,inf,inf,inf,1425.8811310905269,inf
28,129,inf,inf,inf,317.7624899197512,inf
28,130,inf,inf,inf,791.5112128075003,inf
28,131,inf,inf,inf,739.2489431849058,inf
28,132,inf,inf,inf,5.0,inf
28,133,inf,inf,inf,1360.1249942560426,inf
28,134,inf,inf,inf,321.74057872764513,inf
28,135,inf,inf,inf,686.1049482404277,inf
28,136,inf,inf,inf,348.6316107297214,inf
28,137,inf,inf,inf,375.45838650907774,inf
28,138,inf,inf,inf,209.72362766269327,inf
28,139,inf,inf,inf,938.5249064356257,inf
28,140,inf,inf,inf,1361.7360243453943,inf
28,141,inf,inf,inf,875.0085713865893,inf
28,142,inf,inf,inf,1239.1908650405715,inf
28,143,inf,inf,inf,1154.705590183056,inf
28,144,inf,inf,inf,1006.6921078462868,inf
28,145,inf,inf,inf,294.00680264238787,inf
28,146,inf,inf,inf,1212.668544986634,inf
28,147,inf,inf,inf,984.3236256435177,inf
28,148,inf,inf,inf,560.2356646983482,inf
28,149,inf,inf,inf,294.1836161311503,inf
28,150,inf,inf,inf,1240.6425754422585,inf
28,151,inf,inf,inf,615.3543694490191,inf
28,152,inf,inf,inf,1226.0101957161694,inf
28,153,inf,inf,inf,1156.2218645225491,inf
28,154,inf,inf,inf,1204.1798038499069,inf
28,155,inf,inf,inf,1141.9356374156996,inf
28,156,inf,inf,inf,1434.708681231141,inf
28,157,inf,inf,inf,839.7886638911007,inf
28,158,inf,inf,inf,1429.7569723557917,inf
28,159,inf,inf,inf,899.7177335142394,inf
28,160,inf,inf,inf,1350.552849761904,inf
28,161,inf,inf,inf,859.0285210631833,inf
28,162,inf,inf,inf,835.0149699256895,inf
28,163,inf,inf,inf,1026.6513526996398,inf
28,164,inf,inf,inf,535.8404613315422,inf
28,165,inf,inf,inf,629.2296877929394,inf
28,166,inf,inf,inf,873.0555537879592,inf
28,167,inf,inf,inf,217.24870540465827,inf
28,168,inf,inf,inf,1215.9876644111157,inf
28,169,inf,inf,inf,221.16283593768642,inf
28,170,inf,inf,inf,755.2145390549629,inf
29,30,inf,inf,inf,931.6335116342692,inf
29,31,inf,inf,inf,327.11618730964693,inf
29,32,inf,inf,inf,967.8703425562744,inf
29,33,1.0,46.4853,46.485281374238575,44.40720662234904,1.04679588990053
29,34,inf,inf,inf,325.2076259868455,inf
29,35,inf,inf,inf,778.041772657484,inf
29,36,inf,inf,inf,1008.4641788382967,inf
29,37,inf,inf,inf,730.3293777467808,inf
29,38,inf,inf,inf,90.37698822156003,inf
29,39,inf,inf,inf,762.0006561676964,inf
29,40,inf,inf,inf,318.4163940503064,inf
29,41,inf,inf,inf,817.0691525201523,inf
29,42,inf,inf,inf,865.3195941384894,inf
29,43,inf,inf,inf,575.1947496283324,inf
29,44,inf,inf,inf,407.97303832483834,inf
29,45,inf,inf,inf,662.5299993207855,inf
29,46,inf,inf,inf,415.03011938894264,inf
29,47,inf,inf,inf,586.9054438323093,inf
29,48,inf,inf,inf,525.6434152541055,inf
29,49,inf,inf,inf,405.94088239545425,inf
29,50,inf,inf,inf,572.4622258280453,inf
29,51,inf,inf,inf,222.14409737825582,inf
29,52,inf,inf,inf,821.9081457194593,inf
29,53,inf,inf,inf,454.8516241589119,inf
29,54,inf,inf,inf,491.7977226462115,inf
29,55,inf,inf,inf,475.0789408087881,inf
29,56,inf,inf,inf,712.4892981652426,inf
29,57,inf,inf,inf,585.211927424587,inf
29,58,inf,inf,inf,631.7721108121187,inf
29,59,inf,inf,inf,585.9778152797254,inf
29,60,inf,inf,inf,631.4119099288514,inf
29,61,inf,inf,inf,586.9412236331675,inf
29,62,inf,inf,inf,720.6469315830047,inf
29,63,inf,inf,inf,451.5927368769343,inf
29,64,inf,inf,inf,969.3322443826987,inf
29,65,inf,inf,inf,590.5726034959631,inf
29,66,inf,inf,inf,437.6768214105015,inf
29,67,inf,inf,inf,249.64975465639858,inf
29,68,inf,inf,inf,643.4135528569475,inf
29,69,inf,inf,inf,539.2327883205917,inf
29,70,inf,inf,inf,589.5396509141688,inf
29,71,inf,inf,inf,493.0091277045487,inf
29,72,inf,inf,inf,821.5357569820075,inf
29,73,inf,inf,inf,795.5331545573698,inf
29,74,inf,inf,inf,350.44257732187737,inf
29,75,inf,inf,inf,132.7742444904131,inf
29,76,inf,inf,inf,931.1809705959416,inf
29,77,inf,inf,inf,716.8856254661548,inf
29,78,inf,inf,inf,603.1923408001796,inf
29,79,inf,inf,inf,669.7730959063674,inf
29,80,inf,inf,inf,655.8330580262023,inf
29,81,inf,inf,inf,825.2230001641981,inf
29,82,inf,inf,inf,410.4948233534742,inf
29,83,inf,inf,inf,604.3252435568119,inf
29,84,inf,inf,inf,545.6198310178984,inf
29,85,inf,inf,inf,907.0667009652598,inf
29,86,inf,inf,inf,460.6006947454595,inf
29,87,inf,inf,inf,599.6507316763651,inf
29,88,inf,inf,inf,347.1310991541956,inf
29,89,inf,inf,inf,327.23386132856115,inf
29,90,inf,inf,inf,840.3148219566283,inf
29,91,inf,inf,inf,35.510561809129406,inf
29,92,inf,inf,inf,720.4692915038087,inf
29,93,inf,inf,inf,609.902451216586,inf
29,94,inf,inf,inf,370.600863463646,inf
29,95,inf,inf,inf,805.7251392379413,inf
29,96,inf,inf,inf,381.2886046028651,inf
29,97,inf,inf,inf,597.8202070857091,inf
29,98,inf,inf,inf,781.0249675906655,inf
29,99,inf,inf,inf,534.4642176984349,inf
29,100,inf,inf,inf,713.9523793643383,inf
29,101,inf,inf,inf,444.81456810675616,inf
29,102,inf,inf,inf,487.29457210192686,inf
29,103,inf,inf,inf,725.7720027667091,inf
29,104,inf,inf,inf,224.6352599215003,inf
29,105,inf,inf,inf,688.3669079785867,inf
29,106,inf,inf,inf,529.6810360962529,inf
29,107,inf,inf,inf,298.30353668704635,inf
29,108,inf,inf,inf,437.3705522780426,inf
29,109,inf,inf,inf,112.60550608207397,inf
29,110,inf,inf,inf,754.4514563575314,inf
29,111,inf,inf,inf,721.2662476506162,inf
29,112,inf,inf,inf,393.7829351305107,inf
29,113,inf,inf,inf,610.9410773552553,inf
29,114,inf,inf,inf,760.5977912142528,inf
29,115,inf,inf,inf,997.0160480152764,inf
29,116,inf,inf,inf,456.50082146694984,inf
29,117,inf,inf,inf,290.90376415577714,inf
29,118,inf,inf,inf,266.8107943843352,inf
29,119,inf,inf,inf,732.8635616538729,inf
29,120,inf,inf,inf,754.7675138743056,inf
29,121,inf,inf,inf,385.85230334935153,inf
29,122,inf,inf,inf,579.655932428885,inf
29,123,inf,inf,inf,707.9865817937513,inf
29,124,inf,inf,inf,639.5193507627428,inf
29,125,inf,inf,inf,617.0121554718351,inf
29,126,inf,inf,inf,676.9320497657058,inf
29,127,inf,inf,inf,669.5864395281613,inf
29,128,inf,inf,inf,998.7442114976186,inf
29,129,inf,inf,inf,718.2478680789801,inf
29,130,inf,inf,inf,472.8900506460249,inf
29,131,inf,inf,inf,893.5076944268583,inf
29,132,inf,inf,inf,645.1805948724744,inf
29,133,inf,inf,inf,941.7393482275231,inf
29,134,inf,inf,inf,494.51592492052265,inf
29,135,inf,inf,inf,59.033888572581766,inf
29,136,inf,inf,inf,514.6076175106622,inf
29,137,inf,inf,inf,529.6036253652348,inf
29,138,inf,inf,inf,534.3491368010245,inf
29,139,inf,inf,inf,699.978571100573,inf
29,140,inf,inf,inf,720.6899472033726,inf
29,141,inf,inf,inf,234.10467744152402,inf
29,142,inf,inf,inf,630.80979700699,inf
29,143,inf,inf,inf,579.0371317972622,inf
29,144,inf,inf,inf,566.1978452802518,inf
29,145,inf,inf,inf,426.0011737073033,inf
29,146,inf,inf,inf,781.691755105553,inf
29,147,inf,inf,inf,508.6944072820145,inf
29,148,inf,inf,inf,82.00609733428362,inf
29,149,inf,inf,inf,352.17183305880667,inf
29,150,inf,inf,inf,598.7695717051761,inf
29,151,inf,inf,inf,43.86342439892262,inf
29,152,inf,inf,inf,722.0470898771076,inf
29,153,inf,inf,inf,821.575316084898,inf
29,154,inf,inf,inf,782.2953406482746,inf
29,155,inf,inf,inf,773.9870799955255,inf
29,156,inf,inf,inf,801.8790432477956,inf
29,157,inf,inf,inf,469.46991383900206,inf
29,158,inf,inf,inf,807.9665834674105,inf
29,159,inf,inf,inf,370.0337822415678,inf
29,160,inf,inf,inf,720.1999722299356,inf
29,161,inf,inf,inf,242.39018131929353,inf
29,162,inf,inf,inf,322.2623155133098,inf
29,163,inf,inf,inf,419.53307378560754,inf
29,164,inf,inf,inf,396.67619036186176,inf
29,165,inf,inf,inf,67.35725647619564,inf
29,166,inf,inf,inf,322.57867257461396,inf
29,167,inf,inf,inf,503.43817892567506,inf
29,168,inf,inf,inf,745.4052589028333,inf
29,169,inf,inf,inf,450.87692333939646,inf
29,170,inf,inf,inf,468.4122116256151,inf
30,31,inf,inf,inf,660.2423797364116,inf
30,32,inf,inf,inf,148.66068747318505,inf
30,33,inf,inf,inf,887.3111066587637,inf
30,34,inf,inf,inf,696.4000287191263,inf
30,35,inf,inf,inf,329.802971484491,inf
30,36,inf,inf,inf,197.9520143873257,inf
30,37,inf,inf,inf,916.9307498388305,inf
30,38,inf,inf,inf,978.8733319485214,inf
30,39,inf,inf,inf,502.93538352356956,inf
30,40,inf,inf,inf,677.9970501410754,inf
30,41,inf,inf,inf,679.7094967704953,inf
30,42,inf,inf,inf,1049.8347489009877,inf
30,43,inf,inf,inf,1409.8879388093226,inf
30,44,inf,inf,inf,555.932549865539,inf
30,45,inf,inf,inf,420.02023760766576,inf
30,46,inf,inf,inf,1342.313301729518,inf
30,47,inf,inf,inf,406.8722158122867,inf
30,48,inf,inf,inf,1421.2670403551895,inf
30,49,inf,inf,inf,741.3858644457689,inf
30,50,inf,inf,inf,1244.209789384411,inf
30,51,inf,inf,inf,1044.668847051543,inf
30,52,inf,inf,inf,354.8774436337142,inf
30,53,inf,inf,inf,566.664803918507,inf
30,54,inf,inf,inf,1414.8950491114174,inf
30,55,inf,inf,inf,1349.7484950908447,inf
30,56,inf,inf,inf,274.612454196819,inf
30,57,inf,inf,inf,472.4489390399771,inf
30,58,inf,inf,inf,1379.2450833698847,inf
30,59,inf,inf,inf,1113.2443577220592,inf
30,60,inf,inf,inf,748.4610878328946,inf
30,61,inf,inf,inf,648.8366512459049,inf
30,62,inf,inf,inf,317.49173217581586,inf
30,63,inf,inf,inf,1346.1340943605878,inf
30,64,inf,inf,inf,191.8593234638338,inf
30,65,inf,inf,inf,1042.0215928664818,inf
30,66,inf,inf,inf,1218.7903839463127,inf
30,67,inf,inf,inf,681.9853370857763,inf
30,68,inf,inf,inf,581.9037721135686,inf
30,69,inf,inf,inf,688.6109206220883,inf
30,70,inf,inf,inf,731.3795184444257,inf
30,71,inf,inf,inf,442.06899913927464,inf
30,72,inf,inf,inf,674.2403132415029,inf
30,73,inf,inf,inf,738.5309742996566,inf
30,74,inf,inf,inf,922.566528766354,inf
30,75,inf,inf,inf,997.8426729700429,inf
30,76,inf,inf,inf,248.50150904974402,inf
30,77,inf,inf,inf,272.0,inf
30,78,inf,inf,inf,664.7044455996966,inf
30,79,inf,inf,inf,915.0502718430283,inf
30,80,inf,inf,inf,563.796062419737,inf
30,81,inf,inf,inf,570.8134546417069,inf
30,82,inf,inf,inf,1014.2371517549532,inf
30,83,inf,inf,inf,444.6054430615982,inf
30,84,inf,inf,inf,1066.6067691515932,inf
30,85,inf,inf,inf,981.2914959378788,inf
30,86,inf,inf,inf,971.6007410454152,inf
30,87,inf,inf,inf,629.4537314211426,inf
30,88,inf,inf,inf,996.0045180620417,inf
30,89,inf,inf,inf,657.8001216175016,inf
30,90,inf,inf,inf,991.2618221237011,inf
30,91,inf,inf,inf,940.8772502298054,inf
30,92,inf,inf,inf,1199.7953992243845,inf
30,93,inf,inf,inf,1036.4603224436526,inf
30,94,inf,inf,inf,784.021683373617,inf
30,95,inf,inf,inf,877.8940710586899,inf
30,96,inf,inf,inf,1264.8011701449363,inf
30,97,inf,inf,inf,1117.941858953318,inf
30,98,inf,inf,inf,759.6927010311472,inf
30,99,inf,inf,inf,514.1021299313979,inf
30,100,inf,inf,inf,1001.485396798176,inf
30,101,inf,inf,inf,1115.3407551058108,inf
30,102,inf,inf,inf,474.6756787533989,inf
30,103,inf,inf,inf,801.4000249563261,inf
30,104,inf,inf,inf,1020.7653991001066,inf
30,105,inf,inf,inf,1145.1401660932167,inf
30,106,inf,inf,inf,1267.9672708709795,inf
30,107,inf,inf,inf,945.4617919302715,inf
30,108,inf,inf,inf,494.7403359339119,inf
30,109,inf,inf,inf,882.3746369881673,inf
30,110,inf,inf,inf,370.65617491146696,inf
30,111,inf,inf,inf,876.1700748142451,inf
30,112,inf,inf,inf,867.7442019397191,inf
30,113,inf,inf,inf,466.2038180881834,inf
30,114,inf,inf,inf,793.9836270352179,inf
30,115,inf,inf,inf,71.5122367151245,inf
30,116,inf,inf,inf,1122.679829693221,inf
30,117,inf,inf,inf,641.6556709014578,inf
30,118,inf,inf,inf,753.6000265392777,inf
30,119,inf,inf,inf,461.06398688251505,inf
30,120,inf,inf,inf,389.95512562344913,inf
30,121,inf,inf,inf,548.0739001266161,inf
30,122,inf,inf,inf,353.0354089889568,inf
30,123,inf,inf,inf,900.0822184667354,inf
30,124,inf,inf,inf,550.276294237722,inf
30,125,inf,inf,inf,636.4000314267748,inf
30,126,inf,inf,inf,981.0045871452386,inf
30,127,inf,inf,inf,983.0183111214155,inf
30,128,inf,inf,inf,628.3764795089007,inf
30,129,inf,inf,inf,785.667232357313,inf
30,130,inf,inf,inf,467.6002566295275,inf
30,131,inf,inf,inf,422.6925596695546,inf
30,132,inf,inf,inf,1046.759284649532,inf
30,133,inf,inf,inf,575.9513868374656,inf
30,134,inf,inf,inf,737.561522857585,inf
30,135,inf,inf,inf,899.5109782542957,inf
30,136,inf,inf,inf,705.3538119270356,inf
30,137,inf,inf,inf,1264.10007515228,inf
30,138,inf,inf,inf,1144.2045271716067,inf
30,139,inf,inf,inf,253.67104683033892,inf
30,140,inf,inf,inf,1297.0138781061673,inf
30,141,inf,inf,inf,970.8243919473799,inf
30,142,inf,inf,inf,953.5585980945272,inf
30,143,inf,inf,inf,1409.8812006690493,inf
30,144,inf,inf,inf,536.8510035382257,inf
30,145,inf,inf,inf,1110.0720697324116,inf
30,146,inf,inf,inf,537.0335185069922,inf
30,147,inf,inf,inf,1423.268421626785,inf
30,148,inf,inf,inf,930.0774161326572,inf
30,149,inf,inf,inf,981.3888118375917,inf
30,150,inf,inf,inf,1181.3187546128268,inf
30,151,inf,inf,inf,961.8321059311755,inf
30,152,inf,inf,inf,682.0271255602669,inf
30,153,inf,inf,inf,357.1120272407526,inf
30,154,inf,inf,inf,518.19783866782,inf
30,155,inf,inf,inf,411.0924470237808,inf
30,156,inf,inf,inf,1183.5831191766804,inf
30,157,inf,inf,inf,1400.958600387606,inf
30,158,inf,inf,inf,1116.0129927559087,inf
30,159,inf,inf,inf,701.5069493597338,inf
30,160,inf,inf,inf,1113.7742141026608,inf
30,161,inf,inf,inf,869.7183452129775,inf
30,162,inf,inf,inf,691.4405252803743,inf
30,163,inf,inf,inf,871.0413308219076,inf
30,164,inf,inf,inf,596.0411059650165,inf
30,165,inf,inf,inf,994.2082276867357,inf
30,166,inf,inf,inf,740.3958400747536,inf
30,167,inf,inf,inf,846.000591016342,inf
30,168,inf,inf,inf,612.1976804921757,inf
30,169,inf,inf,inf,1057.4842788429528,inf
30,170,inf,inf,inf,1390.0607900376156,inf
31,32,inf,inf,inf,667.451870924039,inf
31,33,inf,inf,inf,287.2507615307573,inf
31,34,inf,inf,inf,346.0014450836875,inf
31,35,inf,inf,inf,607.3631533110977,inf
31,36,inf,inf,inf,780.1083258112299,inf
31,37,inf,inf,inf,818.2627939726943,inf
31,38,inf,inf,inf,405.90762495917716,inf
31,39,inf,inf,inf,436.89815746922073,inf
31,40,inf,inf,inf,316.10124960208555,inf
31,41,inf,inf,inf,514.1254710671316,inf
31,42,inf,inf,inf,972.8519928540004,inf
31,43,inf,inf,inf,895.3971186015733,inf
31,44,inf,inf,inf,104.5609869884557,inf
31,45,inf,inf,inf,337.0949421157191,inf
31,46,inf,inf,inf,702.7012167343955,inf
31,47,inf,inf,inf,422.15755352711625,inf
31,48,inf,inf,inf,852.7133164200029,inf
31,49,inf,inf,inf,466.0268232623526,inf
31,50,inf,inf,inf,842.1128190450494,inf
31,51,inf,inf,inf,521.4872961060508,inf
31,52,inf,inf,inf,661.3274529308458,inf
31,53,inf,inf,inf,378.6357088284199,inf
31,54,inf,inf,inf,812.526922630875,inf
31,55,inf,inf,inf,690.1630242196404,inf
31,56,inf,inf,inf,408.5927067386299,inf
31,57,inf,inf,inf,467.7862759850913,inf
31,58,inf,inf,inf,930.4993283178661,inf
31,59,inf,inf,inf,529.3174850692163,inf
31,60,inf,inf,inf,663.7183137446186,inf
31,61,inf,inf,inf,573.9729958804683,inf
31,62,inf,inf,inf,538.435697182124,inf
31,63,inf,inf,inf,778.6995569537714,inf
31,64,inf,inf,inf,745.0328851802449,inf
31,65,inf,inf,inf,485.8569748393039,inf
31,66,inf,inf,inf,562.8943062422998,inf
31,67,inf,inf,inf,158.4929020492716,inf
31,68,inf,inf,inf,326.8088126106761,inf
31,69,inf,inf,inf,552.9565986585204,inf
31,70,inf,inf,inf,620.1193433525518,inf
31,71,inf,inf,inf,279.2579452764057,inf
31,72,inf,inf,inf,517.2620225765661,inf
31,73,inf,inf,inf,793.0725061430386,inf
31,74,inf,inf,inf,286.2044723619811,inf
31,75,inf,inf,inf,441.74426991190273,inf
31,76,inf,inf,inf,615.8904123299859,inf
31,77,inf,inf,inf,412.6984371184364,inf
31,78,inf,inf,inf,597.146548177246,inf
31,79,inf,inf,inf,466.83294656654215,inf
31,80,inf,inf,inf,593.5941374373571,inf
31,81,inf,inf,inf,505.4463374088292,inf
31,82,inf,inf,inf,631.2313363577572,inf
31,83,inf,inf,inf,472.42565552687756,inf
31,84,inf,inf,inf,479.0093944798995,inf
31,85,inf,inf,inf,976.6253119799834,inf
31,86,inf,inf,inf,644.8131512306492,inf
31,87,inf,inf,inf,575.1556311121365,inf
31,88,inf,inf,inf,350.15567966263234,inf
31,89,inf,inf,inf,3.605551275463989,inf
31,90,inf,inf,inf,931.1713053998174,inf
31,91,inf,inf,inf,351.8096076004747,inf
31,92,inf,inf,inf,928.5671758144373,inf
31,93,inf,inf,inf,782.182843074431,inf
31,94,inf,inf,inf,465.1816849361118,inf
31,95,inf,inf,inf,859.0145516811691,inf
31,96,inf,inf,inf,607.2380093505346,inf
31,97,inf,inf,inf,538.0204457081534,inf
31,98,inf,inf,inf,499.95699815084095,inf
31,99,inf,inf,inf,435.8589221296267,inf
31,100,inf,inf,inf,842.371058382231,inf
31,101,inf,inf,inf,477.0,inf
31,102,inf,inf,inf,328.28798333170835,inf
31,103,inf,inf,inf,764.3729456227503,inf
31,104,inf,inf,inf,511.2514058660377,inf
31,105,inf,inf,inf,884.05995271814,inf
31,106,inf,inf,inf,622.0843994185998,inf
31,107,inf,inf,inf,516.6526879829428,inf
31,108,inf,inf,inf,223.46364357541475,inf
31,109,inf,inf,inf,343.582595601116,inf
31,110,inf,inf,inf,429.9232489642773,inf
31,111,inf,inf,inf,489.0500996830488,inf
31,112,inf,inf,inf,257.68973592287296,inf
31,113,inf,inf,inf,493.84410495620983,inf
31,114,inf,inf,inf,492.1483516176804,inf
31,115,inf,inf,inf,730.4806636728997,inf
31,116,inf,inf,inf,486.26124665656835,inf
31,117,inf,inf,inf,133.4541119636259,inf
31,118,inf,inf,inf,342.2294551905198,inf
31,119,inf,inf,inf,618.7632826857133,inf
31,120,inf,inf,inf,428.99067588934844,inf
31,121,inf,inf,inf,153.57408635573907,inf
31,122,inf,inf,inf,318.2483307104689,inf
31,123,inf,inf,inf,488.6921321241012,inf
31,124,inf,inf,inf,570.9535883064402,inf
31,125,inf,inf,inf,312.6227758817326,inf
31,126,inf,inf,inf,504.31141172890386,inf
31,127,inf,inf,inf,500.4048361077259,inf
31,128,inf,inf,inf,913.652559784079,inf
31,129,inf,inf,inf,452.83219850182917,inf
31,130,inf,inf,inf,281.48534597737057,inf
31,131,inf,inf,inf,566.4953662652503,inf
31,132,inf,inf,inf,519.747053863704,inf
31,133,inf,inf,inf,848.6648337241269,inf
31,134,inf,inf,inf,237.00843866833097,inf
31,135,inf,inf,inf,325.5764119219941,inf
31,136,inf,inf,inf,238.43657437566074,inf
31,137,inf,inf,inf,618.9450702606815,inf
31,138,inf,inf,inf,528.8818393554462,inf
31,139,inf,inf,inf,471.81034325245565,inf
31,140,inf,inf,inf,965.7603222332133,inf
31,141,inf,inf,inf,489.24840316550853,inf
31,142,inf,inf,inf,760.1065714753425,inf
31,143,inf,inf,inf,898.4948525172529,inf
31,144,inf,inf,inf,488.0092212243535,inf
31,145,inf,inf,inf,467.6109494013159,inf
31,146,inf,inf,inf,697.03730172782,inf
31,147,inf,inf,inf,833.1608488161214,inf
31,148,inf,inf,inf,292.8275943281302,inf
31,149,inf,inf,inf,338.5675708038205,inf
31,150,inf,inf,inf,835.9246377515141,inf
31,151,inf,inf,inf,340.90614544182097,inf
31,152,inf,inf,inf,708.2718404680508,inf
31,153,inf,inf,inf,661.858746259351,inf
31,154,inf,inf,inf,689.70790919055,inf
31,155,inf,inf,inf,637.1914939796357,inf
31,156,inf,inf,inf,979.8229431892274,inf
31,157,inf,inf,inf,771.0648481159027,inf
31,158,inf,inf,inf,957.5620084360072,inf
31,159,inf,inf,inf,400.3198721022977,inf
31,160,inf,inf,inf,893.8394710461157,inf
31,161,inf,inf,inf,425.9600920274105,inf
31,162,inf,inf,inf,337.0014836762592,inf
31,163,inf,inf,inf,560.115166729129,inf
31,164,inf,inf,inf,71.84010022264724,inf
31,165,inf,inf,inf,373.75125417849773,inf
31,166,inf,inf,inf,386.4116975455065,inf
31,167,inf,inf,inf,309.6142761566398,inf
31,168,inf,inf,inf,697.2818655321533,inf
31,169,inf,inf,inf,432.92609068985433,inf
31,170,inf,inf,inf,743.5892683464441,inf
32,33,inf,inf,inf,923.6584866713454,inf
32,34,inf,inf,inf,772.6506325629974,inf
32,35,inf,inf,inf,466.7697505194611,inf
32,36,inf,inf,inf,337.20172004306266,inf
32,37,inf,inf,inf,1043.805537444595,inf
32,38,inf,inf,inf,1025.8464797424613,inf
32,39,inf,inf,inf,411.2857887163134,inf
32,40,inf,inf,inf,750.0426654531061,inf
32,41,inf,inf,inf,576.3271640309869,inf
32,42,inf,inf,inf,1182.1425463961612,inf
32,43,inf,inf,inf,1480.5201788560669,inf
32,44,inf,inf,inf,567.9656679765072,inf
32,45,inf,inf,inf,369.88241374793694,inf
32,46,inf,inf,inf,1367.5031992649963,inf
32,47,inf,inf,inf,505.8903043150758,inf
32,48,inf,inf,inf,1476.9495590574513,inf
32,49,inf,inf,inf,834.8778353747331,inf
32,50,inf,inf,inf,1335.934878652399,inf
32,51,inf,inf,inf,1106.3078233475528,inf
32,52,inf,inf,inf,497.7569688110856,inf
32,53,inf,inf,inf,656.2019506219103,inf
32,54,inf,inf,inf,1458.6637720873168,inf
32,55,inf,inf,inf,1353.1788499677343,inf
32,56,inf,inf,inf,258.93628559937287,inf
32,57,inf,inf,inf,581.6287475701317,inf
32,58,inf,inf,inf,1464.2831010429643,inf
32,59,inf,inf,inf,1066.4093960576304,inf
32,60,inf,inf,inf,870.6193197948228,inf
32,61,inf,inf,inf,766.3034646926765,inf
32,62,inf,inf,inf,442.15947349344447,inf
32,63,inf,inf,inf,1401.3468521390412,inf
32,64,inf,inf,inf,337.53518335130633,inf
32,65,inf,inf,inf,989.5822350871099,inf
32,66,inf,inf,inf,1206.8015578379072,inf
32,67,inf,inf,inf,722.2437261755896,inf
32,68,inf,inf,inf,515.4415582779487,inf
32,69,inf,inf,inf,800.1656078587732,inf
32,70,inf,inf,inf,849.1407421623344,inf
32,71,inf,inf,inf,501.339206525881,inf
32,72,inf,inf,inf,569.9298202410539,inf
32,73,inf,inf,inf,875.666603222939,inf
32,74,inf,inf,inf,903.2590990408013,inf
32,75,inf,inf,inf,1049.9190444981937,inf
32,76,inf,inf,inf,115.67627241573788,inf
32,77,inf,inf,inf,254.78618486880328,inf
32,78,inf,inf,inf,784.3086127284336,inf
32,79,inf,inf,inf,843.8086275927735,inf
32,80,inf,inf,inf,689.2619240898194,inf
32,81,inf,inf,inf,463.8706716316521,inf
32,82,inf,inf,inf,1103.445966053617,inf
32,83,inf,inf,inf,555.1666416491538,inf
32,84,inf,inf,inf,1022.6876355955419,inf
32,85,inf,inf,inf,1118.967827955746,inf
32,86,inf,inf,inf,1068.8554626328107,inf
32,87,inf,inf,inf,748.3849276942982,inf
32,88,inf,inf,inf,979.4003267305969,inf
32,89,inf,inf,inf,665.6613252998856,inf
32,90,inf,inf,inf,1124.0658343709233,inf
32,91,inf,inf,inf,982.1456103857513,inf
32,92,inf,inf,inf,1311.7671287236924,inf
32,93,inf,inf,inf,1146.930686658963,inf
32,94,inf,inf,inf,873.2525407921811,inf
32,95,inf,inf,inf,1012.0800363607614,inf
32,96,inf,inf,inf,1273.2862993058552,inf
32,97,inf,inf,inf,1069.640126397659,inf
32,98,inf,inf,inf,664.7924488139137,inf
32,99,inf,inf,inf,616.1858485879078,inf
32,100,inf,inf,inf,1123.6000177999288,inf
32,101,inf,inf,inf,1091.010999027966,inf
32,102,inf,inf,inf,552.7865772610619,inf
32,103,inf,inf,inf,931.421494276356,inf
32,104,inf,inf,inf,1084.9046041012086,inf
32,105,inf,inf,inf,1257.3917448432687,inf
32,106,inf,inf,inf,1245.607080904729,inf
32,107,inf,inf,inf,1023.6649842599872,inf
32,108,inf,inf,inf,544.0919040015207,inf
32,109,inf,inf,inf,934.614893953654,inf
32,110,inf,inf,inf,294.96101437308624,inf
32,111,inf,inf,inf,795.1767099205057,inf
32,112,inf,inf,inf,840.9756239035707,inf
32,113,inf,inf,inf,580.4084768505711,inf
32,114,inf,inf,inf,703.5865263064665,inf
32,115,inf,inf,inf,180.93645293306707,inf
32,116,inf,inf,inf,1097.0806716007717,inf
32,117,inf,inf,inf,678.4939203854371,inf
32,118,inf,inf,inf,823.8695285055759,inf
32,119,inf,inf,inf,594.9453756438485,inf
32,120,inf,inf,inf,310.81344887247076,inf
32,121,inf,inf,inf,583.5177803632037,inf
32,122,inf,inf,inf,397.6153920561929,inf
32,123,inf,inf,inf,822.1921916437786,inf
32,124,inf,inf,inf,673.3141911470454,inf
32,125,inf,inf,inf,572.9616042982287,inf
32,126,inf,inf,inf,911.8431882730714,inf
32,127,inf,inf,inf,915.0874275171744,inf
32,128,inf,inf,inf,776.8275226844116,inf
32,129,inf,inf,inf,702.0890256940355,inf
32,130,inf,inf,inf,531.8364410229897,inf
32,131,inf,inf,inf,299.8216136305053,inf
32,132,inf,inf,inf,986.2682190966107,inf
32,133,inf,inf,inf,723.6711960552251,inf
32,134,inf,inf,inf,695.3222274600461,inf
32,135,inf,inf,inf,943.6800305188194,inf
32,136,inf,inf,inf,660.5210064789765,inf
32,137,inf,inf,inf,1241.256218514131,inf
32,138,inf,inf,inf,1107.953067598082,inf
32,139,inf,inf,inf,352.932004782791,inf
32,140,inf,inf,inf,1401.8077614280783,inf
32,141,inf,inf,inf,1039.4229168149027,inf
32,142,inf,inf,inf,1069.8869099115102,inf
32,143,inf,inf,inf,1481.2849152003134,inf
32,144,inf,inf,inf,647.5314664168839,inf
32,145,inf,inf,inf,1088.3602344812125,inf
32,146,inf,inf,inf,676.1249884451838,inf
32,147,inf,inf,inf,1471.7231397243165,inf
32,148,inf,inf,inf,953.746297502643,inf
32,149,inf,inf,inf,963.3649360444878,inf
32,150,inf,inf,inf,1281.5404792670422,inf
32,151,inf,inf,inf,992.9597172091121,inf
32,152,inf,inf,inf,814.1848684420511,inf
32,153,inf,inf,inf,499.97299927096066,inf
32,154,inf,inf,inf,657.4595044563581,inf
32,155,inf,inf,inf,549.3022847212635,inf
32,156,inf,inf,inf,1304.2610934931702,inf
32,157,inf,inf,inf,1432.084145572459,inf
32,158,inf,inf,inf,1240.8452764144288,inf
32,159,inf,inf,inf,787.1696132346573,inf
32,160,inf,inf,inf,1230.9333856874628,inf
32,161,inf,inf,inf,941.5147370062775,inf
32,162,inf,inf,inf,766.4111168296034,inf
32,163,inf,inf,inf,966.611090356406,inf
32,164,inf,inf,inf,597.482217308599,inf
32,165,inf,inf,inf,1026.0886901238118,inf
32,166,inf,inf,inf,820.147547701022,inf
32,167,inf,inf,inf,800.3755368575429,inf
32,168,inf,inf,inf,747.3914636922207,inf
32,169,inf,inf,inf,1027.8351035063943,inf
32,170,inf,inf,inf,1410.4754517537694,inf
33,34,inf,inf,inf,292.4175097356518,inf
33,35,inf,inf,inf,737.4313527373243,inf
33,36,inf,inf,inf,965.4864059115488,inf
33,37,inf,inf,inf,715.7129312790149,inf
33,38,inf,inf,inf,120.28299963003916,inf
33,39,inf,inf,inf,723.5530388299119,inf
33,40,inf,inf,inf,282.81619472724685,inf
33,41,inf,inf,inf,784.4705220720534,inf
33,42,inf,inf,inf,854.7853531735321,inf
33,43,inf,inf,inf,610.2827213677281,inf
33,44,inf,inf,inf,365.0342449688796,inf
33,45,inf,inf,inf,621.0523327385544,inf
33,46,inf,inf,inf,458.3383030033602,inf
33,47,inf,inf,inf,545.4631059934302,inf
33,48,inf,inf,inf,566.745974842345,inf
33,49,inf,inf,inf,381.37645443839347,inf
33,50,inf,inf,inf,591.0541430359827,inf
33,51,inf,inf,inf,246.3331078032346,inf
33,52,inf,inf,inf,782.1285060653396,inf
33,53,inf,inf,inf,417.2696969586936,inf
33,54,inf,inf,inf,535.6164672599228,inf
33,55,inf,inf,inf,510.75630196797374,inf
33,56,inf,inf,inf,668.5663766597899,inf
33,57,inf,inf,inf,546.6305882403582,inf
33,58,inf,inf,inf,658.9233642844971,inf
33,59,inf,inf,inf,586.1211478866805,inf
33,60,inf,inf,inf,608.0666081935432,inf
33,61,inf,inf,inf,557.6593942542347,inf
33,62,inf,inf,inf,679.1170738539857,inf
33,63,inf,inf,inf,492.2154000028849,inf
33,64,inf,inf,inf,926.47126237137,inf
33,65,inf,inf,inf,584.27733141035,inf
33,66,inf,inf,inf,460.2184264020727,inf
33,67,inf,inf,inf,205.35091916034852,inf
33,68,inf,inf,inf,607.4084293126002,inf
33,69,inf,inf,inf,512.1406056933974,inf
33,70,inf,inf,inf,565.3538714822779,inf
33,71,inf,inf,inf,449.0901913869863,inf
33,72,inf,inf,inf,788.683079569988,inf
33,73,inf,inf,inf,769.8343977765608,inf
33,74,inf,inf,inf,341.03665492143216,inf
33,75,inf,inf,inf,159.6151621870554,inf
33,76,inf,inf,inf,887.771366963364,inf
33,77,inf,inf,inf,672.9702816618279,inf
33,78,inf,inf,inf,574.913036902104,inf
33,79,inf,inf,inf,651.5028779675497,inf
33,80,inf,inf,inf,622.5343364024188,inf
33,81,inf,inf,inf,788.7287239602726,inf
33,82,inf,inf,inf,415.09757888959075,inf
33,83,inf,inf,inf,564.9646006609618,inf
33,84,inf,inf,inf,543.5264482985166,inf
33,85,inf,inf,inf,891.3461729317067,inf
33,86,inf,inf,inf,458.3503027161649,inf
33,87,inf,inf,inf,569.3373340999166,inf
33,88,inf,inf,inf,347.5399257639329,inf
33,89,inf,inf,inf,287.14108030722457,inf
33,90,inf,inf,inf,827.1184921158516,inf
33,91,inf,inf,inf,64.66065264130884,inf
33,92,inf,inf,inf,726.2231062146122,inf
33,93,inf,inf,inf,607.7014069425873,inf
33,94,inf,inf,inf,349.81280708401744,inf
33,95,inf,inf,inf,787.0152476286594,inf
33,96,inf,inf,inf,417.25411921274065,inf
33,97,inf,inf,inf,597.7666768899049,inf
33,98,inf,inf,inf,752.2153946842619,inf
33,99,inf,inf,inf,496.58836071740546,inf
33,100,inf,inf,inf,705.3651536615628,inf
33,101,inf,inf,inf,453.85460226817133,inf
33,102,inf,inf,inf,445.19209337094026,inf
33,103,inf,inf,inf,704.3756100263552,inf
33,104,inf,inf,inf,243.8462630429263,inf
33,105,inf,inf,inf,691.4166616447712,inf
33,106,inf,inf,inf,549.4306143636337,inf
33,107,inf,inf,inf,299.2407057871639,inf
33,108,inf,inf,inf,393.1831634238679,inf
33,109,inf,inf,inf,101.6070863670443,inf
33,110,inf,inf,inf,712.5931518054324,inf
33,111,inf,inf,inf,699.4633657311869,inf
33,112,inf,inf,inf,377.13260267444394,inf
33,113,inf,inf,inf,572.657838503936,inf
33,114,inf,inf,inf,733.7063445275637,inf
33,115,inf,inf,inf,952.7985096545859,inf
33,116,inf,inf,inf,465.5502121146547,inf
33,117,inf,inf,inf,246.49746449000241,inf
33,118,inf,inf,inf,237.58787847867995,inf
33,119,inf,inf,inf,695.8713961645499,inf
33,120,inf,inf,inf,713.3316199356369,inf
33,121,inf,inf,inf,341.45863585506225,inf
33,122,inf,inf,inf,535.261618276521,inf
33,123,inf,inf,inf,687.884437969053,inf
33,124,inf,inf,inf,605.4593297654269,inf
33,125,inf,inf,inf,583.3455236821484,inf
33,126,inf,inf,inf,662.894410898146,inf
33,127,inf,inf,inf,655.916153178133,inf
33,128,inf,inf,inf,965.8001863739725,inf
33,129,inf,inf,inf,691.5403097434017,inf
33,130,inf,inf,inf,429.42869023855405,inf
33,131,inf,inf,inf,852.8774824088158,inf
33,132,inf,inf,inf,637.0635761052424,inf
33,133,inf,inf,inf,907.791275569445,inf
33,134,inf,inf,inf,466.24671580612767,inf
33,135,inf,inf,inf,52.46903848937962,inf
33,136,inf,inf,inf,484.2571630858959,inf
33,137,inf,inf,inf,548.9225810622114,inf
33,138,inf,inf,inf,540.4488875000114,inf
33,139,inf,inf,inf,656.4099328925485,inf
33,140,inf,inf,inf,734.2765146727764,inf
33,141,inf,inf,inf,242.83533515532702,inf
33,142,inf,inf,inf,621.4056646024399,inf
33,143,inf,inf,inf,613.7686860699232,inf
33,144,inf,inf,inf,530.3734533326493,inf
33,145,inf,inf,inf,435.8084441586693,inf
33,146,inf,inf,inf,747.5145483534083,inf
33,147,inf,inf,inf,551.7046311206749,inf
33,148,inf,inf,inf,88.32326986700618,inf
33,149,inf,inf,inf,350.34411654828745,inf
33,150,inf,inf,inf,609.6794239598381,inf
33,151,inf,inf,inf,79.6994353806851,inf
33,152,inf,inf,inf,694.3802992597068,inf
33,153,inf,inf,inf,781.8503693162778,inf
33,154,inf,inf,inf,747.4289263869844,inf
33,155,inf,inf,inf,735.5786837585765,inf
33,156,inf,inf,inf,802.5123052016087,inf
33,157,inf,inf,inf,513.7100349418921,inf
33,158,inf,inf,inf,803.7026813442892,inf
33,159,inf,inf,inf,340.3307215048327,inf
33,160,inf,inf,inf,719.4025298815677,inf
33,161,inf,inf,inf,232.0021551624036,inf
33,162,inf,inf,inf,288.6468430452687,inf
33,163,inf,inf,inf,408.0441152620633,inf
33,164,inf,inf,inf,355.735857062512,inf
33,165,inf,inf,inf,109.03669107231748,inf
33,166,inf,inf,inf,295.10845463998487,inf
33,167,inf,inf,inf,483.41493564018066,inf
33,168,inf,inf,inf,714.3647527698997,inf
33,169,inf,inf,inf,452.86863437425205,inf
33,170,inf,inf,inf,510.8365687771383,inf
34,35,inf,inf,inf,475.2904375221534,inf
34,36,inf,inf,inf,728.313119475408,inf
34,37,inf,inf,inf,474.8020640224724,inf
34,38,inf,inf,inf,326.6435365960882,inf
34,39,inf,inf,inf,712.5931518054324,inf
34,40,inf,inf,inf,31.32091952673165,inf
34,41,inf,inf,inf,832.9909963499006,inf
34,42,inf,inf,inf,627.9697444941118,inf
34,43,inf,inf,inf,713.4879116004699,inf
34,44,inf,inf,inf,339.0250728191058,inf
34,45,inf,inf,inf,573.384687622542,inf
34,46,inf,inf,inf,721.1726561649436,inf
34,47,inf,inf,inf,300.38974682901545,inf
34,48,inf,inf,inf,733.5754903212076,inf
34,49,inf,inf,inf,120.14990636700472,inf
34,50,inf,inf,inf,570.0324552163675,inf
34,51,inf,inf,inf,355.8258000763857,inf
34,52,inf,inf,inf,512.4421918616772,inf
34,53,inf,inf,inf,143.0873858870865,inf
34,54,inf,inf,inf,745.3864769366292,inf
34,55,inf,inf,inf,800.2124717848379,inf
34,56,inf,inf,inf,550.1863320730532,inf
34,57,inf,inf,inf,273.3806869550225,inf
34,58,inf,inf,inf,692.265844889086,inf
34,59,inf,inf,inf,825.9842613512682,inf
34,60,inf,inf,inf,333.77986757741996,inf
34,61,inf,inf,inf,267.73867856549975,inf
34,62,inf,inf,inf,428.37833745417146,inf
34,63,inf,inf,inf,659.939391156491,inf
34,64,inf,inf,inf,688.0443299671904,inf
34,65,inf,inf,inf,801.9625926438215,inf
34,66,inf,inf,inf,748.8344276273627,inf
34,67,inf,inf,inf,191.9088325221119,inf
34,68,inf,inf,inf,637.837753664676,inf
34,69,inf,inf,inf,228.114006584427,inf
34,70,inf,inf,inf,289.43565778942997,inf
34,71,inf,inf,inf,275.04545078950133,inf
34,72,inf,inf,inf,834.5256137471156,inf
34,73,inf,inf,inf,485.5687386972106,inf
34,74,inf,inf,inf,566.4715350306668,inf
34,75,inf,inf,inf,329.6619480619503,inf
34,76,inf,inf,inf,772.2862163731786,inf
34,77,inf,inf,inf,554.4988728572854,inf
34,78,inf,inf,inf,286.7350693584585,inf
34,79,inf,inf,inf,810.6910632293907,inf
34,80,inf,inf,inf,330.6433123473088,inf
34,81,inf,inf,inf,796.6686889793021,inf
34,82,inf,inf,inf,338.0088756231114,inf
34,83,inf,inf,inf,296.89223634174067,inf
34,84,inf,inf,inf,778.005784040196,inf
34,85,inf,inf,inf,639.4137940332536,inf
34,86,inf,inf,inf,323.6309626719916,inf
34,87,inf,inf,inf,277.91545476997135,inf
34,88,inf,inf,inf,600.6163500938015,inf
34,89,inf,inf,inf,343.0131192826303,inf
34,90,inf,inf,inf,588.3884771135479,inf
34,91,inf,inf,inf,313.517144666763,inf
34,92,inf,inf,inf,602.3321342913725,inf
34,93,inf,inf,inf,446.19838637090567,inf
34,94,inf,inf,inf,125.0,inf
34,95,inf,inf,inf,525.3579731954203,inf
34,96,inf,inf,inf,706.402859563861,inf
34,97,inf,inf,inf,836.5673911885402,inf
34,98,inf,inf,inf,835.4639429682169,inf
34,99,inf,inf,inf,220.33610689126738,inf
34,100,inf,inf,inf,496.58030569083184,inf
34,101,inf,inf,inf,721.6785988236037,inf
34,102,inf,inf,inf,222.17110523198104,inf
34,103,inf,inf,inf,434.493958531071,inf
34,104,inf,inf,inf,329.3706119252293,inf
34,105,inf,inf,inf,553.5639077830128,inf
34,106,inf,inf,inf,834.2002157755654,inf
34,107,inf,inf,inf,251.0796686312932,inf
34,108,inf,inf,inf,249.04015740438328,inf
34,109,inf,inf,inf,227.771815640127,inf
34,110,inf,inf,inf,647.707495710834,inf
34,111,inf,inf,inf,835.038322473885,inf
34,112,inf,inf,inf,570.6005608129035,inf
34,113,inf,inf,inf,296.7709554521803,inf
34,114,inf,inf,inf,832.8391201186457,inf
34,115,inf,inf,inf,751.9900265296077,inf
34,116,inf,inf,inf,733.0381981861518,inf
34,117,inf,inf,inf,213.3377603707323,inf
34,118,inf,inf,inf,64.77653896280658,inf
34,119,inf,inf,inf,412.08858271007705,inf
34,120,inf,inf,inf,656.629271354849,inf
34,121,inf,inf,inf,255.56603843233944,inf
34,122,inf,inf,inf,382.32054613896963,inf
34,123,inf,inf,inf,834.3746161047806,inf
34,124,inf,inf,inf,314.42805218364344,inf
34,125,inf,inf,inf,640.399875078064,inf
34,126,inf,inf,inf,843.0830326842072,inf
34,127,inf,inf,inf,838.2708392876374,inf
34,128,inf,inf,inf,673.7135889975799,inf
34,129,inf,inf,inf,795.1100552753688,inf
34,130,inf,inf,inf,242.62110378118388,inf
34,131,inf,inf,inf,799.7024446630134,inf
34,132,inf,inf,inf,844.9579871212533,inf
34,133,inf,inf,inf,616.5460242350119,inf
34,134,inf,inf,inf,583.0008576323023,inf
34,135,inf,inf,inf,270.17956991600977,inf
34,136,inf,inf,inf,583.0514557052405,inf
34,137,inf,inf,inf,833.1146379700696,inf
34,138,inf,inf,inf,798.7897094980631,inf
34,139,inf,inf,inf,444.0202698075843,inf
34,140,inf,inf,inf,661.6963049617249,inf
34,141,inf,inf,inf,276.05253123273474,inf
34,142,inf,inf,inf,414.9325246350303,inf
34,143,inf,inf,inf,713.5068324830534,inf
34,144,inf,inf,inf,243.6801181877586,inf
34,145,inf,inf,inf,705.7683756020809,inf
34,146,inf,inf,inf,456.58077051054175,inf
34,147,inf,inf,inf,745.4193450669227,inf
34,148,inf,inf,inf,375.8257574994029,inf
34,149,inf,inf,inf,597.448742571277,inf
34,150,inf,inf,inf,533.2063390470897,inf
34,151,inf,inf,inf,368.33137254380057,inf
34,152,inf,inf,inf,406.3988188959215,inf
34,153,inf,inf,inf,511.77534133641103,inf
34,154,inf,inf,inf,457.5958915899486,inf
34,155,inf,inf,inf,457.90828776076984,inf
34,156,inf,inf,inf,640.5388356688453,inf
34,157,inf,inf,inf,760.1486696692957,inf
34,158,inf,inf,inf,612.8964023389271,inf
34,159,inf,inf,inf,56.61271941887264,inf
34,160,inf,inf,inf,555.0063062704784,inf
34,161,inf,inf,inf,173.92239648762893,inf
34,162,inf,inf,inf,9.219544457292887,inf
34,163,inf,inf,inf,226.43321311150447,inf
34,164,inf,inf,inf,372.63386856269517,inf
34,165,inf,inf,inf,390.9590771423526,inf
34,166,inf,inf,inf,50.44799302251776,inf
34,167,inf,inf,inf,647.7113554663065,inf
34,168,inf,inf,inf,422.15281593280883,inf
34,169,inf,inf,inf,703.8366287711943,inf
34,170,inf,inf,inf,779.8679375381449,inf
35,36,inf,inf,inf,268.6131046691505,inf
35,37,inf,inf,inf,590.2169092799697,inf
35,38,inf,inf,inf,797.8527433054297,inf
35,39,inf,inf,inf,679.7837891565229,inf
35,40,inf,inf,inf,469.52103254273925,inf
35,41,inf,inf,inf,856.4724163684432,inf
35,42,inf,inf,inf,720.1867813282885,inf
35,43,inf,inf,inf,1162.6770832866707,inf
35,44,inf,inf,inf,515.5627992786136,inf
35,45,inf,inf,inf,543.6441851063985,inf
35,46,inf,inf,inf,1189.1480143363146,inf
35,47,inf,inf,inf,194.23954283306992,inf
35,48,inf,inf,inf,1202.6512378906862,inf
35,49,inf,inf,inf,475.6563885831872,inf
35,50,inf,inf,inf,962.3512872127309,inf
35,51,inf,inf,inf,828.0006038645141,inf
35,52,inf,inf,inf,56.0357029044876,inf
35,53,inf,inf,inf,332.3567360532956,inf
35,54,inf,inf,inf,1220.4269744642652,inf
35,55,inf,inf,inf,1243.1448025069324,inf
35,56,inf,inf,inf,408.20828017079714,inf
35,57,inf,inf,inf,203.00246303924493,inf
35,58,inf,inf,inf,1106.481359987596,inf
35,59,inf,inf,inf,1130.7435606714726,inf
35,60,inf,inf,inf,428.2289107475113,inf
35,61,inf,inf,inf,338.88198535773483,inf
35,62,inf,inf,inf,70.178344238091,inf
35,63,inf,inf,inf,1130.6055899384187,inf
35,64,inf,inf,inf,229.53866776645717,inf
35,65,inf,inf,inf,1076.7474169924903,inf
35,66,inf,inf,inf,1152.3367563347097,inf
35,67,inf,inf,inf,549.2048798035211,inf
35,68,inf,inf,inf,697.4998207885075,inf
35,69,inf,inf,inf,388.06829295885535,inf
35,70,inf,inf,inf,418.0071769718793,inf
35,71,inf,inf,inf,328.12345237730267,inf
35,72,inf,inf,inf,853.4928236370824,inf
35,73,inf,inf,inf,409.35314827175813,inf
35,74,inf,inf,inf,893.4858700617486,inf
35,75,inf,inf,inf,804.3979114841112,inf
35,76,inf,inf,inf,535.2840367505835,inf
35,77,inf,inf,inf,409.56806516133554,inf
35,78,inf,inf,inf,350.3512523168713,inf
35,79,inf,inf,inf,1001.1238684598425,inf
35,80,inf,inf,inf,243.21184181696418,inf
35,81,inf,inf,inf,766.6250713353953,inf
35,82,inf,inf,inf,742.9865409278959,inf
35,83,inf,inf,inf,178.4040358287895,inf
35,84,inf,inf,inf,1080.592430104894,inf
35,85,inf,inf,inf,652.5342902867251,inf
35,86,inf,inf,inf,686.680420574229,inf
35,87,inf,inf,inf,317.6570477732235,inf
35,88,inf,inf,inf,954.5119171597597,inf
35,89,inf,inf,inf,603.9246641759219,inf
35,90,inf,inf,inf,661.5512073906298,inf
35,91,inf,inf,inf,775.3192890674138,inf
35,92,inf,inf,inf,887.3246305608787,inf
35,93,inf,inf,inf,728.0109889280518,inf
35,94,inf,inf,inf,524.450188292463,inf
35,95,inf,inf,inf,548.0912332814675,inf
35,96,inf,inf,inf,1151.0013032138581,inf
35,97,inf,inf,inf,1138.449823224546,inf
35,98,inf,inf,inf,910.8353308913747,inf
35,99,inf,inf,inf,256.0175775215444,inf
35,100,inf,inf,inf,678.6199230791858,inf
35,101,inf,inf,inf,1082.3922579176183,inf
35,102,inf,inf,inf,296.69681494751507,inf
35,103,inf,inf,inf,472.96934361541867,inf
35,104,inf,inf,inf,800.0899949380695,inf
35,105,inf,inf,inf,832.8313154534957,inf
35,106,inf,inf,inf,1222.0053191373595,inf
35,107,inf,inf,inf,699.3082296098052,inf
35,108,inf,inf,inf,385.478922899813,inf
35,109,inf,inf,inf,697.2180433695044,inf
35,110,inf,inf,inf,551.2640020897428,inf
35,111,inf,inf,inf,986.9427541656102,inf
35,112,inf,inf,inf,860.5684168036845,inf
35,113,inf,inf,inf,182.8879438344693,inf
35,114,inf,inf,inf,932.3089616645332,inf
35,115,inf,inf,inf,352.1647341799005,inf
35,116,inf,inf,inf,1092.0897399023581,inf
35,117,inf,inf,inf,524.3548416864289,inf
35,118,inf,inf,inf,539.8786900776877,inf
35,119,inf,inf,inf,132.0075755401939,inf
35,120,inf,inf,inf,570.3691786904338,inf
35,121,inf,inf,inf,456.05372490530107,inf
35,122,inf,inf,inf,322.893171188243,inf
35,123,inf,inf,inf,1002.0788392137616,inf
35,124,inf,inf,inf,234.61031520374377,inf
35,125,inf,inf,inf,737.0081410676547,inf
35,126,inf,inf,inf,1057.4686756590004,inf
35,127,inf,inf,inf,1056.5817526344092,inf
35,128,inf,inf,inf,353.8714455844099,inf
35,129,inf,inf,inf,909.9895603796782,inf
35,130,inf,inf,inf,330.1030142243479,inf
35,131,inf,inf,inf,667.1918764493464,inf
35,132,inf,inf,inf,1099.2310949022503,inf
35,133,inf,inf,inf,289.88618456214846,inf
35,134,inf,inf,inf,779.4542962868317,inf
35,135,inf,inf,inf,730.9514347752523,inf
35,136,inf,inf,inf,757.2384036748268,inf
35,137,inf,inf,inf,1219.4084631492435,inf
35,138,inf,inf,inf,1136.0713005793255,inf
35,139,inf,inf,inf,177.48521065147935,inf
35,140,inf,inf,inf,993.5094362913721,inf
35,141,inf,inf,inf,743.4904168851136,inf
35,142,inf,inf,inf,638.0282125423608,inf
35,143,inf,inf,inf,1161.2239232809493,inf
35,144,inf,inf,inf,251.23096942853203,inf
35,145,inf,inf,inf,1071.6389317302726,inf
35,146,inf,inf,inf,209.46837470128995,inf
35,147,inf,inf,inf,1219.0410165371795,inf
35,148,inf,inf,inf,804.6875169902911,inf
35,149,inf,inf,inf,944.2467897747919,inf
35,150,inf,inf,inf,886.4062274149477,inf
35,151,inf,inf,inf,817.1248374636522,inf
35,152,inf,inf,inf,352.8413241104279,inf
35,153,inf,inf,inf,57.14017850864661,inf
35,154,inf,inf,inf,190.90573590125572,inf
35,155,inf,inf,inf,82.63776376451628,inf
35,156,inf,inf,inf,861.1370390361803,inf
35,157,inf,inf,inf,1233.1086732320068,inf
35,158,inf,inf,inf,790.1423922306662,inf
35,159,inf,inf,inf,457.39479664727276,inf
35,160,inf,inf,inf,795.5658363705671,inf
35,161,inf,inf,inf,642.0778768965646,inf
35,162,inf,inf,inf,474.0464112299554,inf
35,163,inf,inf,inf,593.1820968303073,inf
35,164,inf,inf,inf,569.224911612273,inf
35,165,inf,inf,inf,845.3283385762008,inf
35,166,inf,inf,inf,506.01581002968675,inf
35,167,inf,inf,inf,882.3066360398748,inf
35,168,inf,inf,inf,282.39688383549844,inf
35,169,inf,inf,inf,1040.286979635908,inf
35,170,inf,inf,inf,1245.2393344253144,inf
36,37,inf,inf,inf,838.3513583217957,inf
36,38,inf,inf,inf,1040.4921912249029,inf
36,39,inf,inf,inf,693.997838613349,inf
36,40,inf,inf,inf,717.5465141717295,inf
36,41,inf,inf,inf,872.9639167800694,inf
36,42,inf,inf,inf,953.2649159598815,inf
36,43,inf,inf,inf,1428.1670070408431,inf
36,44,inf,inf,inf,677.0184635591559,inf
36,45,inf,inf,inf,595.4107825694795,inf
36,46,inf,inf,inf,1423.4640845486758,inf
36,47,inf,inf,inf,429.19692449969864,inf
36,48,inf,inf,inf,1461.3504028808422,inf
36,49,inf,inf,inf,741.6764793358354,inf
36,50,inf,inf,inf,1230.943134348618,inf
36,51,inf,inf,inf,1084.0830226509406,inf
36,52,inf,inf,inf,260.2325882744127,inf
36,53,inf,inf,inf,586.3940654542813,inf
36,54,inf,inf,inf,1471.392877514364,inf
36,55,inf,inf,inf,1455.6991447411103,inf
36,56,inf,inf,inf,443.3835811123366,inf
36,57,inf,inf,inf,464.6084372888637,inf
36,58,inf,inf,inf,1374.979272571045,inf
36,59,inf,inf,inf,1269.4605153371253,inf
36,60,inf,inf,inf,688.2710221998308,inf
36,61,inf,inf,inf,605.6962935333186,inf
36,62,inf,inf,inf,300.6725793949292,inf
36,63,inf,inf,inf,1388.100860888718,inf
36,64,1.0,42.8995,42.89949493661166,40.311288741492746,1.0642054936947438
36,65,inf,inf,inf,1203.4084925743211,inf
36,66,inf,inf,inf,1342.5814686640063,inf
36,67,inf,inf,inf,764.4821776863081,inf
36,68,inf,inf,inf,760.2848150528853,inf
36,69,inf,inf,inf,656.3078545926446,inf
36,70,inf,inf,inf,682.6485186389846,inf
36,71,inf,inf,inf,520.9625706324783,inf
36,72,inf,inf,inf,867.8277478854891,inf
36,73,inf,inf,inf,635.7208506884134,inf
36,74,inf,inf,inf,1058.6453608267502,inf
36,75,inf,inf,inf,1052.0384973944633,inf
36,76,inf,inf,inf,444.9202175671499,inf
36,77,inf,inf,inf,441.9423039266551,inf
36,78,inf,inf,inf,615.4128695436909,inf
36,79,inf,inf,inf,1090.7630356773188,inf
36,80,inf,inf,inf,506.8264002594971,inf
36,81,inf,inf,inf,765.8126402717573,inf
36,82,inf,inf,inf,1010.9965380751805,inf
36,83,inf,inf,inf,437.56256695471563,inf
36,84,inf,inf,inf,1221.091724646433,inf
36,85,inf,inf,inf,869.787330328512,inf
36,86,inf,inf,inf,955.2910551240392,inf
36,87,inf,inf,inf,584.1515214394293,inf
36,88,inf,inf,inf,1128.0514172678477,inf
36,89,inf,inf,inf,777.1447741572995,inf
36,90,inf,inf,inf,894.5238957121269,inf
36,91,inf,inf,inf,1011.0909949158879,inf
36,92,inf,inf,inf,1148.8307098959358,inf
36,93,inf,inf,inf,992.3633407175015,inf
36,94,inf,inf,inf,789.6359920874935,inf
36,95,inf,inf,inf,779.9416644852357,inf
36,96,inf,inf,inf,1366.4731976881214,inf
36,97,inf,inf,inf,1275.2572289542215,inf
36,98,inf,inf,inf,949.2101980067429,inf
36,99,inf,inf,inf,515.9108450110348,inf
36,100,inf,inf,inf,932.4247958950899,inf
36,101,inf,inf,inf,1252.3977004130916,inf
36,102,inf,inf,inf,522.8613582968243,inf
36,103,inf,inf,inf,718.167807688426,inf
36,104,inf,inf,inf,1057.2270333282252,inf
36,105,inf,inf,inf,1094.7132044512846,inf
36,106,inf,inf,inf,1401.0917171977,inf
36,107,inf,inf,inf,962.7860613864328,inf
36,108,inf,inf,inf,580.2146154656913,inf
36,109,inf,inf,inf,940.2127418834526,inf
36,110,inf,inf,inf,559.2790001421473,inf
36,111,inf,inf,inf,1057.947541232551,inf
36,112,inf,inf,inf,1011.595274801143,inf
36,113,inf,inf,inf,447.96986505790767,inf
36,114,inf,inf,inf,981.2405413556861,inf
36,115,inf,inf,inf,159.11316727411344,inf
36,116,inf,inf,inf,1260.7763481284062,inf
36,117,inf,inf,inf,730.6305495939791,inf
36,118,inf,inf,inf,791.4568844858196,inf
36,119,inf,inf,inf,388.8508711575686,inf
36,120,inf,inf,inf,579.1459228899051,inf
36,121,inf,inf,inf,645.1867946571753,inf
36,122,inf,inf,inf,462.07899757508994,inf
36,123,inf,inf,inf,1079.896754324227,inf
36,124,inf,inf,inf,501.0039920000638,inf
36,125,inf,inf,inf,811.8374221480555,inf
36,126,inf,inf,inf,1154.7125183351916,inf
36,127,inf,inf,inf,1155.9108962199466,inf
36,128,inf,inf,inf,468.5402864215627,inf
36,129,inf,inf,inf,969.7009848401723,inf
36,130,inf,inf,inf,536.7727638395972,inf
36,131,inf,inf,inf,620.622268372639,inf
36,132,inf,inf,inf,1213.939866714987,inf
36,133,inf,inf,inf,427.18263073303905,inf
36,134,inf,inf,inf,896.7463409459779,inf
36,135,inf,inf,inf,967.3928881276728,inf
36,136,inf,inf,inf,867.212200098684,inf
36,137,inf,inf,inf,1397.7267257944236,inf
36,138,inf,inf,inf,1291.3485199588838,inf
36,139,inf,inf,inf,312.6307726376276,inf
36,140,inf,inf,inf,1258.6699329053665,inf
36,141,inf,inf,inf,1002.2100578222113,inf
36,142,inf,inf,inf,899.2202177442409,inf
36,143,inf,inf,inf,1426.9758232009399,inf
36,144,inf,inf,inf,518.4013888870284,inf
36,145,inf,inf,inf,1244.813640670763,inf
36,146,inf,inf,inf,438.0981625161192,inf
36,147,inf,inf,inf,1473.3397435757986,inf
36,148,inf,inf,inf,1021.9711346217172,inf
36,149,inf,inf,inf,1115.044842147615,inf
36,150,inf,inf,inf,1153.9467058751025,inf
36,151,inf,inf,inf,1043.9789269903872,inf
36,152,inf,inf,inf,597.8360979398952,inf
36,153,inf,inf,inf,262.14881269996243,inf
36,154,inf,inf,inf,420.09760770563787,inf
36,155,inf,inf,inf,329.2779980502797,inf
36,156,inf,inf,inf,1113.8806040146314,inf
36,157,inf,inf,inf,1473.936905026806,inf
36,158,inf,inf,inf,1037.744669945358,inf
36,159,inf,inf,inf,717.7917525299382,inf
36,160,inf,inf,inf,1053.4400789793408,inf
36,161,inf,inf,inf,899.9138847689817,inf
36,162,inf,inf,inf,725.6562547101761,inf
36,163,inf,inf,inf,861.4499405072821,inf
36,164,inf,inf,inf,724.7068372797376,inf
36,165,inf,inf,inf,1074.514308885647,inf
36,166,inf,inf,inf,764.1812612201375,inf
36,167,inf,inf,inf,1005.3108971855423,inf
36,168,inf,inf,inf,522.2805759359618,inf
36,169,inf,inf,inf,1200.1841525366015,inf
36,170,inf,inf,inf,1476.2039154534173,inf
37,38,inf,inf,inf,680.4594036384536,inf
37,39,inf,inf,inf,1129.1067265763675,inf
37,40,inf,inf,inf,503.2156595337629,inf
37,41,inf,inf,inf,1274.9137225710608,inf
37,42,inf,inf,inf,156.54072952429985,inf
37,43,inf,inf,inf,775.1709488880501,inf
37,44,inf,inf,inf,792.5307565009701,inf
37,45,inf,inf,inf,980.5758512221275,inf
37,46,inf,inf,inf,1023.3733434089438,inf
37,47,inf,inf,inf,560.290103428572,inf
37,48,inf,inf,inf,882.7468493288435,inf
37,49,inf,inf,inf,355.5629339512205,inf
37,50,inf,inf,inf,505.7153349464499,inf
37,51,inf,inf,inf,608.829204292961,inf
37,52,inf,inf,inf,580.6616915209751,inf
37,53,inf,inf,inf,469.1023342512804,inf
37,54,inf,inf,inf,955.9340981469381,inf
37,55,inf,inf,inf,1163.5123548978756,inf
37,56,inf,inf,inf,901.5508859737203,inf
37,57,inf,inf,inf,475.7078935649481,inf
37,58,inf,inf,inf,655.5341333599647,inf
37,59,inf,inf,inf,1290.5258618098283,inf
37,60,inf,inf,inf,178.63930138690085,inf
37,61,inf,inf,inf,288.40423020475964,inf
37,62,inf,inf,inf,602.0672719887704,inf
37,63,inf,inf,inf,830.9687118056853,inf
37,64,inf,inf,inf,804.3805069741559,inf
37,65,inf,inf,inf,1272.9245853545292,inf
37,66,inf,inf,inf,1165.8696325061392,inf
37,67,inf,inf,inf,666.6948327383376,inf
37,68,inf,inf,inf,1082.243041095668,inf
37,69,inf,inf,inf,278.8207309365643,inf
37,70,inf,inf,inf,212.72047386182646,inf
37,71,inf,inf,inf,653.8294884753975,inf
37,72,inf,inf,inf,1275.0850951995321,inf
37,73,inf,inf,inf,219.49487465542333,inf
37,74,inf,inf,inf,1032.8334812543599,inf
37,75,inf,inf,inf,654.4646667315203,inf
37,76,inf,inf,inf,1089.8830212458583,inf
37,77,inf,inf,inf,904.8988893793604,inf
37,78,inf,inf,inf,266.5520587052368,inf
37,79,inf,inf,inf,1284.6513145597135,inf
37,80,inf,inf,inf,354.5645216318181,inf
37,81,inf,inf,inf,1218.6098637381858,inf
37,82,inf,inf,inf,391.21477477211926,inf
37,83,inf,inf,inf,498.19674828324605,inf
37,84,inf,inf,inf,1244.175228816263,inf
37,85,inf,inf,inf,177.53027910753704,inf
37,86,inf,inf,inf,310.31919051196303,inf
37,87,inf,inf,inf,302.0761493398643,inf
37,88,inf,inf,inf,1056.907280701576,inf
37,89,inf,inf,inf,815.0981535986939,inf
37,90,inf,inf,inf,113.78049041905207,inf
37,91,inf,inf,inf,702.8314164862012,inf
37,92,inf,inf,inf,333.492128842646,inf
37,93,inf,inf,inf,220.8438362282271,inf
37,94,inf,inf,inf,371.25193602188796,inf
37,95,inf,inf,inf,105.26157893552613,inf
37,96,inf,inf,inf,1074.5343177395498,inf
37,97,inf,inf,inf,1301.5990165945886,inf
37,98,inf,inf,inf,1291.8657050947672,inf
37,99,inf,inf,inf,460.11411627986377,inf
37,100,inf,inf,inf,101.65136496870073,inf
37,101,inf,inf,inf,1169.1762057106705,inf
37,102,inf,inf,inf,571.9694047761645,inf
37,103,inf,inf,inf,120.43255373859678,inf
37,104,inf,inf,inf,581.4499118582786,inf
37,105,inf,inf,inf,285.41198292993937,inf
37,106,inf,inf,inf,1259.4685387098798,inf
37,107,inf,inf,inf,455.5655825454772,inf
37,108,inf,inf,inf,664.7179853140728,inf
37,109,inf,inf,inf,618.1852473166923,inf
37,110,inf,inf,inf,1032.1705285465189,inf
37,111,inf,inf,inf,1305.6691770888979,inf
37,112,inf,inf,inf,1043.3494141465744,inf
37,113,inf,inf,inf,469.6594510919588,inf
37,114,inf,inf,inf,1294.6180904034982,inf
37,115,inf,inf,inf,942.2908255947311,inf
37,116,inf,inf,inf,1180.8505409237869,inf
37,117,inf,inf,inf,684.8123830656102,inf
37,118,inf,inf,inf,498.48269779401573,inf
37,119,inf,inf,inf,458.38193681688637,inf
37,120,inf,inf,inf,1046.5318915350836,inf
37,121,inf,inf,inf,702.6841395677008,inf
37,122,inf,inf,inf,741.2907661639932,inf
37,123,inf,inf,inf,1306.7555241895861,inf
37,124,inf,inf,inf,370.9043003255692,inf
37,125,inf,inf,inf,1095.23924327062,inf
37,126,inf,inf,inf,1317.8846687020834,inf
37,127,inf,inf,inf,1313.063974069809,inf
37,128,inf,inf,inf,491.31354550836477,inf
37,129,inf,inf,inf,1259.1016638858039,inf
37,130,inf,inf,inf,624.0416652756448,inf
37,131,inf,inf,inf,1176.9694133663797,inf
37,132,inf,inf,inf,1317.901741405633,inf
37,133,inf,inf,inf,476.8752457404347,inf
37,134,inf,inf,inf,1054.670090597055,inf
37,135,inf,inf,inf,672.3049903131763,inf
37,136,inf,inf,inf,1051.723347653745,inf
37,137,inf,inf,inf,1259.5733404609673,inf
37,138,inf,inf,inf,1253.6546573917396,inf
37,139,inf,inf,inf,697.5793861633241,inf
37,140,inf,inf,inf,460.6614809163015,inf
37,141,inf,inf,inf,532.2574565001415,inf
37,142,inf,inf,inf,127.01181047445942,inf
37,143,inf,inf,inf,770.0448038913061,inf
37,144,inf,inf,inf,412.8014050363685,inf
37,145,inf,inf,inf,1151.3687506615768,inf
37,146,inf,inf,inf,400.8004491015448,inf
37,147,inf,inf,inf,931.6098968989112,inf
37,148,inf,inf,inf,803.6977043640227,inf
37,149,inf,inf,inf,1056.5841187525014,inf
37,150,inf,inf,inf,398.43694607804633,inf
37,151,inf,inf,inf,772.1172190801084,inf
37,152,inf,inf,inf,240.58470441821524,inf
37,153,inf,inf,inf,578.581887030695,inf
37,154,inf,inf,inf,418.4459343810141,inf
37,155,inf,inf,inf,514.1488111432332,inf
37,156,inf,inf,inf,276.52305509667724,inf
37,157,inf,inf,inf,1027.2102997925986,inf
37,158,inf,inf,inf,200.12246250733574,inf
37,159,inf,inf,inf,418.8961685191212,inf
37,160,inf,inf,inf,228.06358762415363,inf
37,161,inf,inf,inf,488.20077836890016,inf
37,162,inf,inf,inf,483.39218032566475,inf
37,163,inf,inf,inf,312.07851576165893,inf
37,164,inf,inf,inf,835.0095807833584,inf
37,165,inf,inf,inf,780.7944671935118,inf
37,166,inf,inf,inf,442.87244213204326,inf
37,167,inf,inf,inf,1122.4923162320533,inf
37,168,inf,inf,inf,316.10124960208555,inf
37,169,inf,inf,inf,1162.3360099386064,inf
37,170,inf,inf,inf,1087.1508634959548,inf
38,39,inf,inf,inf,842.7389868755331,inf
38,40,inf,inf,inf,328.5254936835192,inf
38,41,inf,inf,inf,904.4169392487073,inf
38,42,inf,inf,inf,807.3722809212612,inf
38,43,inf,inf,inf,490.17241864470503,inf
38,44,inf,inf,inf,477.67980907716833,inf
38,45,inf,inf,inf,736.5989410798796,inf
38,46,inf,inf,inf,394.65681294005304,inf
38,47,inf,inf,inf,612.6548783777046,inf
38,48,inf,inf,inf,453.7763766438266,inf
38,49,inf,inf,inf,382.7531841800928,inf
38,50,inf,inf,inf,483.6744773088611,inf
38,51,inf,inf,inf,132.19682295728592,inf
38,52,inf,inf,inf,837.6401375292376,inf
38,53,inf,inf,inf,466.7697505194611,inf
38,54,inf,inf,inf,436.02408190374075,inf
38,55,inf,inf,inf,492.0040650238573,inf
38,56,inf,inf,inf,774.6050606599468,inf
38,57,inf,inf,inf,598.4154075556544,inf
38,58,inf,inf,inf,541.5902510200863,inf
38,59,inf,inf,inf,665.3314963234493,inf
38,60,inf,inf,inf,600.4706487414685,inf
38,61,inf,inf,inf,571.1076956231635,inf
38,62,inf,inf,inf,745.4850769800828,inf
38,63,inf,inf,inf,378.4283287493155,inf
38,64,inf,inf,inf,1000.6842658900958,inf
38,65,inf,inf,inf,675.0407395113276,inf
38,66,inf,inf,inf,488.35745105404095,inf
38,67,inf,inf,inf,303.92268753747226,inf
38,68,inf,inf,inf,727.6159701380942,inf
38,69,inf,inf,inf,518.6636675148935,inf
38,70,inf,inf,inf,561.1354560175288,inf
38,71,inf,inf,inf,536.8444839988579,inf
38,72,inf,inf,inf,908.6985198623358,inf
38,73,inf,inf,inf,768.2584200644989,inf
38,74,inf,inf,inf,437.73279520730455,inf
38,75,inf,inf,inf,42.720018726587654,inf
38,76,inf,inf,inf,996.6192853843437,inf
38,77,inf,inf,inf,779.0564806225541,inf
38,78,inf,inf,inf,584.504063287844,inf
38,79,inf,inf,inf,759.6235909975413,inf
38,80,inf,inf,inf,650.2499519415592,inf
38,81,inf,inf,inf,908.8041593214679,inf
38,82,inf,inf,inf,335.0492501110844,inf
38,83,inf,inf,inf,620.378110510034,inf
38,84,inf,inf,inf,627.1148220222514,inf
38,85,inf,inf,inf,857.9895104253898,inf
38,86,inf,inf,inf,393.6762629369467,inf
38,87,inf,inf,inf,586.3659267044769,inf
38,88,inf,inf,inf,428.11680649093887,inf
38,89,inf,inf,inf,405.58353023760714,inf
38,90,inf,inf,inf,787.0635298373315,inf
38,91,inf,inf,inf,56.859475903318,inf
38,92,inf,inf,inf,641.2019962539106,inf
38,93,inf,inf,inf,541.0665393461326,inf
38,94,inf,inf,inf,340.2190470858444,inf
38,95,inf,inf,inf,763.1022211997551,inf
38,96,inf,inf,inf,399.74116625636645,inf
38,97,inf,inf,inf,677.2953565469056,inf
38,98,inf,inf,inf,870.3884190406028,inf
38,99,inf,inf,inf,545.8094905734051,inf
38,100,inf,inf,inf,653.8317826474942,inf
38,101,inf,inf,inf,515.9108450110348,inf
38,102,inf,inf,inf,518.0038609894718,inf
38,103,inf,inf,inf,689.4323752189188,inf
38,104,inf,inf,inf,137.5245432641025,inf
38,105,inf,inf,inf,612.2458656454937,inf
38,106,inf,inf,inf,583.9606151103001,inf
38,107,inf,inf,inf,230.99134182908242,inf
38,108,inf,inf,inf,485.41219597368996,inf
38,109,inf,inf,inf,100.71742649611338,inf
38,110,inf,inf,inf,827.1547618190928,inf
38,111,inf,inf,inf,811.6088959591312,inf
38,112,inf,inf,inf,483.5173213029705,inf
38,113,inf,inf,inf,622.643557743915,inf
38,114,inf,inf,inf,850.5345378054909,inf
38,115,inf,inf,inf,1041.7701281952752,inf
38,116,inf,inf,inf,527.4438358725979,inf
38,117,inf,inf,inf,348.4322028745334,inf
38,118,inf,inf,inf,262.48809496813374,inf
38,119,inf,inf,inf,738.4341541396903,inf
38,120,inf,inf,inf,828.8124033820923,inf
38,121,inf,inf,inf,442.7301661283089,inf
38,122,inf,inf,inf,631.3517244769353,inf
38,123,inf,inf,inf,798.1585055613954,inf
38,124,inf,inf,inf,636.4628818713626,inf
38,125,inf,inf,inf,703.5055081518552,inf
38,126,inf,inf,inf,765.4443154142566,inf
38,127,inf,inf,inf,757.9564631296444,inf
38,128,inf,inf,inf,989.2431450356379,inf
38,129,inf,inf,inf,808.2177924297386,inf
38,130,inf,inf,inf,512.7465260730686,inf
38,131,inf,inf,inf,969.6287949519651,inf
38,132,inf,inf,inf,730.6887162123143,inf
38,133,inf,inf,inf,935.6179775955569,inf
38,134,inf,inf,inf,583.9674648471437,inf
38,135,inf,inf,inf,83.19254774317228,inf
38,136,inf,inf,inf,603.212234623934,inf
38,137,inf,inf,inf,584.6366392897387,inf
38,138,inf,inf,inf,607.9712164239356,inf
38,139,inf,inf,inf,738.3725347004722,inf
38,140,inf,inf,inf,634.5470825714984,inf
38,141,inf,inf,inf,158.52129194527782,inf
38,142,inf,inf,inf,572.7870459429054,inf
38,143,inf,inf,inf,493.5787677767349,inf
38,144,inf,inf,inf,569.8596318392803,inf
38,145,inf,inf,inf,496.4121271685453,inf
38,146,inf,inf,inf,777.4586805740869,inf
38,147,inf,inf,inf,446.0784684335257,inf
38,148,inf,inf,inf,168.12197952677099,inf
38,149,inf,inf,inf,434.8390506842733,inf
38,150,inf,inf,inf,515.0621321743621,inf
38,151,inf,inf,inf,112.16059914247963,inf
38,152,inf,inf,inf,700.2856560004639,inf
38,153,inf,inf,inf,837.072278838572,inf
38,154,inf,inf,inf,780.237143437814,inf
38,155,inf,inf,inf,784.4539502099534,inf
38,156,inf,inf,inf,728.1277360463616,inf
38,157,inf,inf,inf,435.29530206516125,inf
38,158,inf,inf,inf,740.6929188266889,inf
38,159,inf,inf,inf,360.96675747220826,inf
38,160,inf,inf,inf,648.6724905528213,inf
38,161,inf,inf,inf,198.84918908559823,inf
38,162,inf,inf,inf,326.21618598714565,inf
38,163,inf,inf,inf,368.80347069950415,inf
38,164,inf,inf,inf,472.89745188571277,inf
38,165,inf,inf,inf,106.23088063270491,inf
38,166,inf,inf,inf,310.10482098800077,inf
38,167,inf,inf,inf,593.6682575310895,inf
38,168,inf,inf,inf,732.3011675533503,inf
38,169,inf,inf,inf,529.4166601080854,inf
38,170,inf,inf,inf,454.0418482915424,inf
39,40,inf,inf,inf,681.8914869684179,inf
39,41,inf,inf,inf,180.70141117323905,inf
39,42,inf,inf,inf,1284.1374537019003,inf
39,43,inf,inf,inf,1332.2492259333462,inf
39,44,inf,inf,inf,383.6000521376398,inf
39,45,inf,inf,inf,148.94629904767692,inf
39,46,inf,inf,inf,1103.7993477077255,inf
39,47,inf,inf,inf,586.1066455859377,inf
39,48,inf,inf,inf,1285.9175712307535,inf
39,49,inf,inf,inf,818.1864090780291,inf
39,50,inf,inf,inf,1263.0003958827567,inf
39,51,inf,inf,inf,956.8307060290238,inf
39,52,inf,inf,inf,731.7444909256236,inf
39,53,inf,inf,inf,662.815962390768,inf
39,54,inf,inf,inf,1236.6567834286116,inf
39,55,inf,inf,inf,1042.0580598028116,inf
39,56,inf,inf,inf,272.80029325497435,inf
39,57,inf,inf,inf,668.8796603276257,inf
39,58,inf,inf,inf,1361.7918343124254,inf
39,59,inf,inf,inf,679.5947321749926,inf
39,60,inf,inf,inf,952.7528535774637,inf
39,61,inf,inf,inf,844.3488615495374,inf
39,62,inf,inf,inf,619.3294761272065,inf
39,63,inf,inf,inf,1212.8169688786516,inf
39,64,inf,inf,inf,676.4155527484565,inf
39,65,inf,inf,inf,597.756639444515,inf
39,66,inf,inf,inf,871.1107851473313,inf
39,67,inf,inf,inf,568.5068161420758,inf
39,68,inf,inf,inf,136.13228860193308,inf
39,69,inf,inf,inf,851.0846021401163,inf
39,70,inf,inf,inf,916.3863813916049,inf
39,71,inf,inf,inf,475.37038191288275,inf
39,72,inf,inf,inf,176.47662734764623,inf
39,73,inf,inf,inf,1027.3168936603738,inf
39,74,inf,inf,inf,570.8949115205004,inf
39,75,inf,inf,inf,878.5453886965659,inf
39,76,inf,inf,inf,304.7113388110131,inf
39,77,inf,inf,inf,272.02941017470886,inf
39,78,inf,inf,inf,867.7741641694572,inf
39,79,inf,inf,inf,436.90387958909224,inf
39,80,inf,inf,inf,810.8674367613982,inf
39,81,inf,inf,inf,90.35485598461214,inf
39,82,inf,inf,inf,1039.7908443528438,inf
39,83,inf,inf,inf,654.0473988939946,inf
39,84,inf,inf,inf,640.9321336927959,inf
39,85,inf,inf,inf,1254.9856572885603,inf
39,86,inf,inf,inf,1035.7798993994816,inf
39,87,inf,inf,inf,834.8245324617623,inf
39,88,inf,inf,inf,646.7712114805358,inf
39,89,inf,inf,inf,437.34311472801306,inf
39,90,inf,inf,inf,1232.4187600000253,inf
39,91,inf,inf,inf,788.2093630501987,inf
39,92,inf,inf,inf,1314.371713024896,inf
39,93,inf,inf,inf,1155.1770427081728,inf
39,94,inf,inf,inf,836.7424932438893,inf
39,95,inf,inf,inf,1135.9022845297918,inf
39,96,inf,inf,inf,976.2223107468913,inf
39,97,inf,inf,inf,680.9243717183282,inf
39,98,inf,inf,inf,256.96108654813867,inf
39,99,inf,inf,inf,671.9144290756078,inf
39,100,inf,inf,inf,1181.2387565602476,inf
39,101,inf,inf,inf,737.6943811633649,inf
39,102,inf,inf,inf,557.1400183077859,inf
39,103,inf,inf,inf,1041.5190828784655,inf
39,104,inf,inf,inf,944.7803977644752,inf
39,105,inf,inf,inf,1264.5671196105013,inf
39,106,inf,inf,inf,890.045504454688,inf
39,107,inf,inf,inf,932.636049056651,inf
39,108,inf,inf,inf,472.42353878696605,inf
39,109,inf,inf,inf,777.1183950981987,inf
39,110,inf,inf,inf,135.5949851580065,inf
39,111,inf,inf,inf,384.252521136817,inf
39,112,inf,inf,inf,498.78652748445404,inf
39,113,inf,inf,inf,684.2294936642237,inf
39,114,inf,inf,inf,293.23369519889764,inf
39,115,inf,inf,inf,565.9840987165629,inf
39,116,inf,inf,inf,741.2975111249194,inf
39,117,inf,inf,inf,526.2413894782508,inf
39,118,inf,inf,inf,736.2126051623947,inf
39,119,inf,inf,inf,768.044269557426,inf
39,120,inf,inf,inf,115.48592987892508,inf
39,121,inf,inf,inf,457.8132807160579,inf
39,122,inf,inf,inf,394.38306251663494,inf
39,123,inf,inf,inf,412.0436870041816,inf
39,124,inf,inf,inf,788.2867498569286,inf
39,125,inf,inf,inf,189.0952141118331,inf
39,126,inf,inf,inf,505.5472282586465,inf
39,127,inf,inf,inf,509.6165224951012,inf
39,128,inf,inf,inf,1033.565189042278,inf
39,129,inf,inf,inf,290.9450119868014,inf
39,130,inf,inf,inf,505.90315278717134,inf
39,131,inf,inf,inf,157.01273833673497,inf
39,132,inf,inf,inf,585.9701357577876,inf
39,133,inf,inf,inf,969.6061055913375,inf
39,134,inf,inf,inf,337.2906758272455,inf
39,135,inf,inf,inf,762.3647421018367,inf
39,136,inf,inf,inf,301.8410177560366,inf
39,137,inf,inf,inf,885.0203387493419,inf
39,138,inf,inf,inf,734.6209907156207,inf
39,139,inf,inf,inf,503.1152949374527,inf
39,140,inf,inf,inf,1371.5090229378734,inf
39,141,inf,inf,inf,917.2066288465212,inf
39,142,inf,inf,inf,1107.6903899556048,inf
39,143,inf,inf,inf,1335.2891072722791,inf
39,144,inf,inf,inf,723.6580684273478,inf
39,145,inf,inf,inf,739.8297101360556,inf
39,146,inf,inf,inf,861.2345789620852,inf
39,147,inf,inf,inf,1261.3916917436868,inf
39,148,inf,inf,inf,716.57239690069,inf
39,149,inf,inf,inf,628.9960254246445,inf
39,150,inf,inf,inf,1241.7930584441194,inf
39,151,inf,inf,inf,770.7561222591748,inf
39,152,inf,inf,inf,946.9746564718614,inf
39,153,inf,inf,inf,733.4527933002914,inf
39,154,inf,inf,inf,846.069146110411,inf
39,155,inf,inf,inf,750.2566227631717,inf
39,156,inf,inf,inf,1343.5404720364772,inf
39,157,inf,inf,inf,1179.62917902195,inf
39,158,inf,inf,inf,1302.5839704218688,inf
39,159,inf,inf,inf,753.4666548693446,inf
39,160,inf,inf,inf,1259.7956183444996,inf
39,161,inf,inf,inf,840.6104924398695,inf
39,162,inf,inf,inf,703.7059044799894,inf
39,163,inf,inf,inf,938.7358520904589,inf
39,164,inf,inf,inf,372.6459445640057,inf
39,165,inf,inf,inf,802.4325516826943,inf
39,166,inf,inf,inf,762.0931701570353,inf
39,167,inf,inf,inf,426.1419951143046,inf
39,168,inf,inf,inf,903.0669964072433,inf
39,169,inf,inf,inf,668.0905627233482,inf
39,170,inf,inf,inf,1133.8099488009443,inf
40,41,inf,inf,inf,801.6763686176611,inf
40,42,inf,inf,inf,657.0608799799301,inf
40,43,inf,inf,inf,732.7810041206036,inf
40,44,inf,inf,inf,307.7092783781471,inf
40,45,inf,inf,inf,543.3313905895737,inf
40,46,inf,inf,inf,721.5906041516894,inf
40,47,inf,inf,inf,288.39036044916617,inf
40,48,inf,inf,inf,747.0475219154401,inf
40,49,inf,inf,inf,150.02999700059985,inf
40,50,inf,inf,inf,597.0008375203505,inf
40,51,inf,inf,inf,368.9512162874653,inf
40,52,inf,inf,inf,509.2445385077782,inf
40,53,inf,inf,inf,138.49548729110273,inf
40,54,inf,inf,inf,754.0238723011361,inf
40,55,inf,inf,inf,793.063049195964,inf
40,56,inf,inf,inf,523.6831102871278,inf
40,57,inf,inf,inf,270.1851217221259,inf
40,58,inf,inf,inf,716.6735658582644,inf
40,59,inf,inf,inf,802.4718063583293,inf
40,60,inf,inf,inf,357.8407467016578,inf
40,61,inf,inf,inf,285.41373477812874,inf
40,62,inf,inf,inf,419.1718024867608,inf
40,63,inf,inf,inf,672.7770804657364,inf
40,64,inf,inf,inf,677.3905815701899,inf
40,65,inf,inf,inf,776.4695744200155,inf
40,66,inf,inf,inf,734.63596427074,inf
40,67,inf,inf,inf,164.0,inf
40,68,inf,inf,inf,606.527822939723,inf
40,69,inf,inf,inf,249.99399992799826,inf
40,70,inf,inf,inf,313.4645115479582,inf
40,71,inf,inf,inf,250.16994223927063,inf
40,72,inf,inf,inf,803.2185256827684,inf
40,73,inf,inf,inf,505.4305095658552,inf
40,74,inf,inf,inf,542.9705332704528,inf
40,75,inf,inf,inf,335.538373364359,inf
40,76,inf,inf,inf,746.6518599722364,inf
40,77,inf,inf,inf,528.0303021607756,inf
40,78,inf,inf,inf,305.6403114773966,inf
40,79,inf,inf,inf,781.6066785794502,inf
40,80,inf,inf,inf,340.649379861464,inf
40,81,inf,inf,inf,765.7179637438318,inf
40,82,inf,inf,inf,365.77178677421256,inf
40,83,inf,inf,inf,291.8527025744322,inf
40,84,inf,inf,inf,754.1153757880819,inf
40,85,inf,inf,inf,666.0187685043118,inf
40,86,inf,inf,inf,354.00564967243105,inf
40,87,inf,inf,inf,293.7277651159318,inf
40,88,inf,inf,inf,579.7525334140421,inf
40,89,inf,inf,inf,313.05750270517393,inf
40,90,inf,inf,inf,616.6036003787198,inf
40,91,inf,inf,inf,310.0483833210552,inf
40,92,inf,inf,inf,633.3758757641468,inf
40,93,inf,inf,inf,477.50392668542526,inf
40,94,inf,inf,inf,156.26259949200897,inf
40,95,inf,inf,inf,550.9210469749727,inf
40,96,inf,inf,inf,699.3668565209535,inf
40,97,inf,inf,inf,812.9071287668721,inf
40,98,inf,inf,inf,804.301560361535,inf
40,99,inf,inf,inf,218.0022935659164,inf
40,100,inf,inf,inf,527.0341544909589,inf
40,101,inf,inf,inf,702.2770108724905,inf
40,102,inf,inf,inf,203.44286667268528,inf
40,103,inf,inf,inf,458.9226514348578,inf
40,104,inf,inf,inf,343.73536332475305,inf
40,105,inf,inf,inf,584.7546494043463,inf
40,106,inf,inf,inf,818.313509603746,inf
40,107,inf,inf,inf,274.3027524469997,inf
40,108,inf,inf,inf,220.68982758613956,inf
40,109,inf,inf,inf,228.1074308302998,inf
40,110,inf,inf,inf,618.6129646232772,inf
40,111,inf,inf,inf,805.0006211177728,inf
40,112,inf,inf,inf,544.5622094857483,inf
40,113,inf,inf,inf,294.92032822442064,inf
40,114,inf,inf,inf,801.9039842774196,inf
40,115,inf,inf,inf,735.1802500067586,inf
40,116,inf,inf,inf,713.5334610233776,inf
40,117,inf,inf,inf,183.02458851203573,inf
40,118,inf,inf,inf,75.69015788066504,inf
40,119,inf,inf,inf,414.6757769631595,inf
40,120,inf,inf,inf,627.2168683956132,inf
40,121,inf,inf,inf,224.5551157288562,inf
40,122,inf,inf,inf,357.1134273588715,inf
40,123,inf,inf,inf,804.7185843510761,inf
40,124,inf,inf,inf,322.94271937914937,inf
40,125,inf,inf,inf,609.1477653246378,inf
40,126,inf,inf,inf,814.9417157073259,inf
40,127,inf,inf,inf,810.2623032080414,inf
40,128,inf,inf,inf,683.801871889804,inf
40,129,inf,inf,inf,764.3042587870357,inf
40,130,inf,inf,inf,218.4902743830947,inf
40,131,inf,inf,inf,770.5614835949173,inf
40,132,inf,inf,inf,818.565208153877,inf
40,133,inf,inf,inf,625.159179729451,inf
40,134,inf,inf,inf,553.0904085228743,inf
40,135,inf,inf,inf,265.9323222175146,inf
40,136,inf,inf,inf,552.6119796023246,inf
40,137,inf,inf,inf,817.0416146072365,inf
40,138,inf,inf,inf,777.6297319418799,inf
40,139,inf,inf,inf,427.10771475120885,inf
40,140,inf,inf,inf,691.4774038245936,inf
40,141,inf,inf,inf,292.8275943281302,inf
40,142,inf,inf,inf,445.70169396133105,inf
40,143,inf,inf,inf,733.0900353981085,inf
40,144,inf,inf,inf,247.8245347014698,inf
40,145,inf,inf,inf,686.804193347711,inf
40,146,inf,inf,inf,464.8408329740407,inf
40,147,inf,inf,inf,756.0033068710745,inf
40,148,inf,inf,inf,363.27950671624734,inf
40,149,inf,inf,inf,575.8923510518264,inf
40,150,inf,inf,inf,562.6597550918317,inf
40,151,inf,inf,inf,360.6563461246731,inf
40,152,inf,inf,inf,424.6610413023545,inf
40,153,inf,inf,inf,508.70915069418595,inf
40,154,inf,inf,inf,464.61274196905106,inf
40,155,inf,inf,inf,457.5904282215702,inf
40,156,inf,inf,inf,671.8310799598363,inf
40,157,inf,inf,inf,763.6471698369608,inf
40,158,inf,inf,inf,643.7429611265665,inf
40,159,inf,inf,inf,84.38009243891595,inf
40,160,inf,inf,inf,586.3147618813636,inf
40,161,inf,inf,inf,192.23423212320952,inf
40,162,1.0,24.7279,24.72792206135786,22.135943621178654,1.1170936502430968
40,163,inf,inf,inf,257.4975728040946,inf
40,164,inf,inf,inf,341.4923132370625,inf
40,165,inf,inf,inf,385.1882656571978,inf
40,166,inf,inf,inf,80.26207074328447,inf
40,167,inf,inf,inf,619.4554059817381,inf
40,168,inf,inf,inf,435.63516846094967,inf
40,169,inf,inf,inf,682.0975003619351,inf
40,170,inf,inf,inf,779.1925307650222,inf
41,42,inf,inf,inf,1431.2092788966959,inf
41,43,inf,inf,inf,1391.9256445658295,inf
41,44,inf,inf,inf,493.96761027419603,inf
41,45,inf,inf,inf,314.66807909287525,inf
41,46,inf,inf,inf,1107.942236761466,inf
41,47,inf,inf,inf,749.1782164478623,inf
41,48,inf,inf,inf,1325.973227482365,inf
41,49,inf,inf,inf,946.3456028322845,inf
41,50,inf,inf,inf,1356.214216117793,inf
41,51,inf,inf,inf,1028.6505723519529,inf
41,52,inf,inf,inf,909.3277736877941,inf
41,53,inf,inf,inf,805.8213201448569,inf
41,54,inf,inf,inf,1261.4915774590015,inf
41,55,inf,inf,inf,1015.2053979367919,inf
41,56,inf,inf,inf,452.0409273506106,inf
41,57,inf,inf,inf,829.154388518809,inf
41,58,inf,inf,inf,1440.7949194802152,inf
41,59,inf,inf,inf,591.2224623608274,inf
41,60,inf,inf,inf,1102.0167875309342,inf
41,61,inf,inf,inf,995.9809235120922,inf
41,62,inf,inf,inf,794.0743038280485,inf
41,63,inf,inf,inf,1256.2428109247035,inf
41,64,inf,inf,inf,856.3649922784093,inf
41,65,inf,inf,inf,505.9505904730224,inf
41,66,inf,inf,inf,830.7376240426336,inf
41,67,inf,inf,inf,665.6823566837264,inf
41,68,inf,inf,inf,195.2050204272421,inf
41,69,inf,inf,inf,996.1897409630357,inf
41,70,inf,inf,inf,1063.225752133572,inf
41,71,inf,inf,inf,625.1559805360579,inf
41,72,inf,inf,inf,8.06225774829855,inf
41,73,inf,inf,inf,1189.284238523323,inf
41,74,inf,inf,inf,554.4366510251645,inf
41,75,inf,inf,inf,943.9793429943263,inf
41,76,inf,inf,inf,463.2278057284558,inf
41,77,inf,inf,inf,451.5451250982564,inf
41,78,inf,inf,inf,1019.8357710925814,inf
41,79,inf,inf,inf,321.3502761785028,inf
41,80,inf,inf,inf,972.2720812612074,inf
41,81,inf,inf,inf,112.80514172678478,inf
41,82,inf,inf,inf,1143.2042687114144,inf
41,83,inf,inf,inf,817.0293752369005,inf
41,84,inf,inf,inf,562.1610089645136,inf
41,85,inf,inf,inf,1410.2708959628997,inf
41,86,inf,inf,inf,1150.016086844006,inf
41,87,inf,inf,inf,988.5873760067949,inf
41,88,inf,inf,inf,622.9815406575061,inf
41,89,inf,inf,inf,515.7557561481985,inf
41,90,inf,inf,inf,1381.8339263457096,inf
41,91,inf,inf,inf,847.7647079231359,inf
41,92,inf,inf,inf,1432.9361465187485,inf
41,93,inf,inf,inf,1279.1657437564531,inf
41,94,inf,inf,inf,957.8627250290095,inf
41,95,inf,inf,inf,1290.4204741091175,inf
41,96,inf,inf,inf,962.4037614224084,inf
41,97,inf,inf,inf,589.5735747131141,inf
41,98,inf,inf,inf,98.76234100101111,inf
41,99,inf,inf,inf,825.8292801784156,inf
41,100,inf,inf,inf,1318.848740379275,inf
41,101,inf,inf,inf,687.245225519974,inf
41,102,inf,inf,inf,706.8422737782454,inf
41,103,inf,inf,inf,1194.8861870487917,inf
41,104,inf,inf,inf,1021.3525346323863,inf
41,105,inf,inf,inf,1385.6424502735185,inf
41,106,inf,inf,inf,830.0168672984905,inf
41,107,inf,inf,inf,1030.0587361893495,inf
41,108,inf,inf,inf,610.2827213677281,inf
41,109,inf,inf,inf,855.0941468633731,inf
41,110,inf,inf,inf,316.18507238641104,inf
41,111,inf,inf,inf,250.54540506662659,inf
41,112,inf,inf,inf,481.0623660192096,inf
41,113,inf,inf,inf,846.8087151181193,inf
41,114,inf,inf,inf,144.5856147754679,inf
41,115,inf,inf,inf,740.2708963615954,inf
41,116,inf,inf,inf,688.058863760943,inf
41,117,inf,inf,inf,628.8473582674893,inf
41,118,inf,inf,inf,845.4880247525685,inf
41,119,inf,inf,inf,938.6144043216043,inf
41,120,inf,inf,inf,296.06080456554866,inf
41,121,inf,inf,inf,579.7413216254298,inf
41,122,inf,inf,inf,557.8180707004749,inf
41,123,inf,inf,inf,282.98586537139977,inf
41,124,inf,inf,inf,949.1706906557956,inf
41,125,inf,inf,inf,202.19297712828703,inf
41,126,inf,inf,inf,387.07234465923807,inf
41,127,inf,inf,inf,393.47172706561776,inf
41,128,inf,inf,inf,1210.2842641297127,inf
41,129,inf,inf,inf,165.0272704737008,inf
41,130,inf,inf,inf,652.6721994998715,inf
41,131,inf,inf,inf,284.8613697923957,inf
41,132,inf,inf,inf,478.50600832173467,inf
41,133,inf,inf,inf,1145.754336670824,inf
41,134,inf,inf,inf,331.11327366929885,inf
41,135,inf,inf,inf,830.0150601043333,inf
41,136,inf,inf,inf,304.8294605185004,inf
41,137,inf,inf,inf,824.5059126531477,inf
41,138,inf,inf,inf,661.752975059425,inf
41,139,inf,inf,inf,679.1082387955546,inf
41,140,inf,inf,inf,1477.8538493369363,inf
41,141,inf,inf,inf,1002.7965895434627,inf
41,142,inf,inf,inf,1241.5558787263665,inf
41,143,inf,inf,inf,1395.9376776919519,inf
41,144,inf,inf,inf,879.4145780006152,inf
41,145,inf,inf,inf,694.1361537911708,inf
41,146,inf,inf,inf,1031.544473108164,inf
41,147,inf,inf,inf,1291.9458192973884,inf
41,148,inf,inf,inf,757.327538123367,inf
41,149,inf,inf,inf,605.0826389841309,inf
41,150,inf,inf,inf,1347.7585095260945,inf
41,151,inf,inf,inf,816.2413858657254,inf
41,152,inf,inf,inf,1107.0040650331869,inf
41,153,inf,inf,inf,910.9753015312764,inf
41,154,inf,inf,inf,1017.1214283457015,inf
41,155,inf,inf,inf,924.5247427732802,inf
41,156,inf,inf,inf,1472.8000543183043,inf
41,157,inf,inf,inf,1188.3450677307496,inf
41,158,inf,inf,inf,1438.9510068101692,inf
41,159,inf,inf,inf,879.8028188179441,inf
41,160,inf,inf,inf,1387.6029691521994,inf
41,161,inf,inf,inf,938.7081548596454,inf
41,162,inf,inf,inf,823.8112647930957,inf
41,163,inf,inf,inf,1058.2069740839927,inf
41,164,inf,inf,inf,465.353628974783,inf
41,165,inf,inf,inf,845.0,inf
41,166,inf,inf,inf,880.109652259308,inf
41,167,inf,inf,inf,379.7472843879203,inf
41,168,inf,inf,inf,1068.1034594083103,inf
41,169,inf,inf,inf,615.1227519771968,inf
41,170,inf,inf,inf,1128.4981169678574,inf
42,43,inf,inf,inf,821.6014849061557,inf
42,44,inf,inf,inf,948.9299236508458,inf
42,45,inf,inf,inf,1135.4153425068732,inf
42,46,inf,inf,inf,1124.6083762803833,inf
42,47,inf,inf,inf,710.3492098960904,inf
42,48,inf,inf,inf,947.9836496480306,inf
42,49,inf,inf,inf,507.98622028555064,inf
42,50,inf,inf,inf,542.9189626454394,inf
42,51,inf,inf,inf,720.5178693134543,inf
42,52,inf,inf,inf,702.8235909529503,inf
42,53,inf,inf,inf,625.3990725928525,inf
42,54,inf,inf,inf,1034.8125434106412,inf
42,55,inf,inf,inf,1278.0367756837047,inf
42,56,inf,inf,inf,1052.2133814013202,inf
42,57,inf,inf,inf,625.3167197508795,inf
42,58,inf,inf,inf,681.065341945984,inf
42,59,inf,inf,inf,1435.6935606180032,inf
42,60,inf,inf,inf,331.54939300200806,inf
42,61,inf,inf,inf,440.8106169320335,inf
42,62,inf,inf,inf,740.3634242721611,inf
42,63,inf,inf,inf,905.4821919839175,inf
42,64,inf,inf,inf,922.1220092807675,inf
42,65,inf,inf,inf,1421.4394113010937,inf
42,66,inf,inf,inf,1295.6670096903756,inf
42,67,inf,inf,inf,819.7371529947877,inf
42,68,inf,inf,inf,1238.7110236047793,inf
42,69,inf,inf,inf,435.0195397910305,inf
42,70,inf,inf,inf,368.25670394440886,inf
42,71,inf,inf,inf,809.1798316814378,inf
42,72,inf,inf,inf,1431.3256093565851,inf
42,73,inf,inf,inf,317.55471969410246,inf
42,74,inf,inf,inf,1179.6948758047565,inf
42,75,inf,inf,inf,777.2033196017629,inf
42,76,inf,inf,inf,1234.382436686459,inf
42,77,inf,inf,inf,1055.4283490602288,inf
42,78,inf,inf,inf,418.0011961705373,inf
42,79,inf,inf,inf,1438.6166966916517,inf
42,80,inf,inf,inf,495.9889111663687,inf
42,81,inf,inf,inf,1373.835870837561,inf
42,82,inf,inf,inf,491.6787569134953,inf
42,83,inf,inf,inf,646.2422146532986,inf
42,84,inf,inf,inf,1390.2276791950303,inf
42,85,inf,inf,inf,114.43775600735974,inf
42,86,inf,inf,inf,417.9724871328255,inf
42,87,inf,inf,inf,452.55386419740137,inf
42,88,inf,inf,inf,1199.864158978007,inf
42,89,inf,inf,inf,969.7360465611248,inf
42,90,inf,inf,inf,58.89821729050889,inf
42,91,inf,inf,inf,835.639276243045,inf
42,92,inf,inf,inf,320.3903868720159,inf
42,93,inf,inf,inf,286.379119350556,inf
42,94,inf,inf,inf,518.737891424947,inf
42,95,inf,inf,inf,173.5655495770978,inf
42,96,inf,inf,inf,1192.0708871539478,inf
42,97,inf,inf,inf,1446.9585343056656,inf
42,98,inf,inf,inf,1448.3873791220358,inf
42,99,inf,inf,inf,613.4313327504555,inf
42,100,inf,inf,inf,154.48624534242524,inf
42,101,inf,inf,inf,1308.4166003226953,inf
42,102,inf,inf,inf,727.1987348723868,inf
42,103,inf,inf,inf,251.7876089087785,inf
42,104,inf,inf,inf,695.5954283921078,inf
42,105,inf,inf,inf,291.38462553813645,inf
42,106,inf,inf,inf,1390.8414719154732,inf
42,107,inf,inf,inf,577.041592954962,inf
42,108,inf,inf,inf,821.112050818888,inf
42,109,inf,inf,inf,754.873499336147,inf
42,110,inf,inf,inf,1184.932487528298,inf
42,111,inf,inf,inf,1460.9616695861669,inf
42,112,inf,inf,inf,1193.4525545659535,inf
42,113,inf,inf,inf,616.883295283638,inf
42,114,inf,inf,inf,1450.9682973793742,inf
42,115,inf,inf,inf,1069.2263558292977,inf
42,116,inf,inf,inf,1320.1200702966378,inf
42,117,inf,inf,inf,839.4313551446598,inf
42,118,inf,inf,inf,647.1862174057788,inf
42,119,inf,inf,inf,588.8166098200695,inf
42,120,inf,inf,inf,1199.7082978791136,inf
42,121,inf,inf,inf,859.127464349732,inf
42,122,inf,inf,inf,894.5194240484664,inf
42,123,inf,inf,inf,1461.5324149672495,inf
42,124,inf,inf,inf,514.689226621269,inf
42,125,inf,inf,inf,1251.7547683152638,inf
42,126,inf,inf,inf,1470.4574118280339,inf
42,127,inf,inf,inf,1465.437818537518,inf
42,128,inf,inf,inf,553.6533211315543,inf
42,129,inf,inf,inf,1415.2971419458177,inf
42,130,inf,inf,inf,779.7749675387124,inf
42,131,inf,inf,inf,1328.1904983849267,inf
42,132,inf,inf,inf,1467.738396309097,inf
42,133,inf,inf,inf,556.9389553622551,inf
42,134,inf,inf,inf,1209.5900131862861,inf
42,135,inf,inf,inf,808.7032830402013,inf
42,136,inf,inf,inf,1207.2800006626467,inf
42,137,inf,inf,inf,1391.3195175803435,inf
42,138,inf,inf,inf,1395.022938879501,inf
42,139,inf,inf,inf,841.8099547997755,inf
42,140,inf,inf,inf,449.91110233022704,inf
42,141,inf,inf,inf,652.5863927481173,inf
42,142,inf,inf,inf,234.8297255459794,inf
42,143,inf,inf,inf,815.2852261632122,inf
42,144,inf,inf,inf,564.2783001321245,inf
42,145,inf,inf,inf,1290.102709089474,inf
42,146,inf,inf,inf,518.0463299744531,inf
42,147,inf,inf,inf,1004.8064490238904,inf
42,148,inf,inf,inf,941.7457193956338,inf
42,149,inf,inf,inf,1200.543626862431,inf
42,150,inf,inf,inf,432.0752249319556,inf
42,151,inf,inf,inf,905.5882066369902,inf
42,152,inf,inf,inf,368.1439935677343,inf
42,153,inf,inf,inf,700.6425622241344,inf
42,154,inf,inf,inf,536.7308450238351,inf
42,155,inf,inf,inf,640.2015307698038,inf
42,156,inf,inf,inf,218.03669415949233,inf
42,157,inf,inf,inf,1118.844046326386,inf
42,158,inf,inf,inf,130.98091464026353,inf
42,159,inf,inf,inf,572.6927623080285,inf
42,160,inf,inf,inf,223.48601745970598,inf
42,161,inf,inf,inf,623.5711667484313,inf
42,162,inf,inf,inf,636.7393501268789,inf
42,163,inf,inf,inf,446.7504896471855,inf
42,164,inf,inf,inf,991.0408669676543,inf
42,165,inf,inf,inf,911.0021953870364,inf
42,166,inf,inf,inf,593.3338014979427,inf
42,167,inf,inf,inf,1275.3321136080594,inf
42,168,inf,inf,inf,438.20657229210974,inf
42,169,inf,inf,inf,1305.508330115132,inf
42,170,inf,inf,inf,1187.941075979781,inf
43,44,inf,inf,inf,960.2213286529309,inf
43,45,inf,inf,inf,1221.0016380005393,inf
43,46,inf,inf,inf,461.4336355316981,inf
43,47,inf,inf,inf,1009.4577752437197,inf
43,48,inf,inf,inf,160.822883943797,inf
43,49,inf,inf,inf,687.0291114647181,inf
43,50,inf,inf,inf,278.77230852435827,inf
43,51,inf,inf,inf,379.69593097635374,inf
43,52,inf,inf,inf,1186.808324878116,inf
43,53,inf,inf,inf,847.5806746263154,inf
43,54,inf,inf,inf,282.41812972966164,inf
43,55,inf,inf,inf,660.2189030919972,inf
43,56,inf,inf,inf,1241.5876932379767,inf
43,57,inf,inf,inf,963.6098795674524,inf
43,58,inf,inf,inf,164.7573974060042,inf
43,59,inf,inf,inf,1057.1494690912918,inf
43,60,inf,inf,inf,810.8674367613982,inf
43,61,inf,inf,inf,848.3590041957473,inf
43,62,inf,inf,inf,1128.7891742925249,inf
43,63,inf,inf,inf,176.47946056127893,inf
43,64,inf,inf,inf,1388.0295385905877,inf
43,65,inf,inf,inf,1093.4628480199956,inf
43,66,inf,inf,inf,787.0158829401095,inf
43,67,inf,inf,inf,777.1795159421021,inf
43,68,inf,inf,inf,1217.678118387614,inf
43,69,inf,inf,inf,790.8457498147158,inf
43,70,inf,inf,inf,792.1237277092513,inf
43,71,inf,inf,inf,979.2267357461192,inf
43,72,inf,inf,inf,1396.5042069395995,inf
43,73,inf,inf,inf,961.4593075112435,inf
43,74,inf,inf,inf,885.2417748841274,inf
43,75,inf,inf,inf,453.715770058745,inf
43,76,inf,inf,inf,1466.3522769102929,inf
43,77,inf,inf,inf,1246.0529683765453,inf
43,78,inf,inf,inf,848.3395546595715,inf
43,79,inf,inf,inf,1216.036594844086,inf
43,80,inf,inf,inf,949.5104001536793,inf
43,81,inf,inf,inf,1398.972480072428,inf
43,82,inf,inf,inf,428.1413318052813,inf
43,83,inf,inf,inf,990.8834442052204,inf
43,84,inf,inf,inf,1032.4311115033292,inf
43,85,inf,inf,inf,920.3396112305501,inf
43,86,inf,inf,inf,500.78338630589576,inf
43,87,inf,inf,inf,869.6781013685465,inf
43,88,inf,inf,inf,848.5169414926257,inf
43,89,inf,inf,inf,894.910610061139,inf
43,90,inf,inf,inf,836.6887115289652,inf
43,91,inf,inf,inf,545.8882669557938,inf
43,92,inf,inf,inf,515.3261103417913,inf
43,93,inf,inf,inf,555.296317293749,inf
43,94,inf,inf,inf,638.58123993741,inf
43,95,inf,inf,inf,880.3601535735247,inf
43,96,inf,inf,inf,614.239367022336,inf
43,97,inf,inf,inf,1068.8545270522084,inf
43,98,inf,inf,inf,1351.9855768461437,inf
43,99,inf,inf,inf,912.9211356957402,inf
43,100,inf,inf,inf,691.0347313992257,inf
43,101,inf,inf,inf,886.5331353085456,inf
43,102,inf,inf,inf,935.4277096601319,inf
43,103,inf,inf,inf,854.4483600546027,inf
43,104,inf,inf,inf,397.5550276376844,inf
43,105,inf,inf,inf,531.7386576129293,inf
43,106,inf,inf,inf,876.1877652649573,inf
43,107,inf,inf,inf,466.6154733825272,inf
43,108,inf,inf,inf,938.479621515566,inf
43,109,inf,inf,inf,559.732972050066,inf
43,110,inf,inf,inf,1309.4159003158622,inf
43,111,inf,inf,inf,1277.1914500183595,inf
43,112,inf,inf,inf,945.365537768328,inf
43,113,inf,inf,inf,980.5845195596349,inf
43,114,inf,inf,inf,1328.3139689094594,inf
43,115,inf,inf,inf,1464.7682410538534,inf
43,116,inf,inf,inf,895.8627126965381,inf
43,117,inf,inf,inf,822.3636665125715,inf
43,118,inf,inf,inf,657.7149838645917,inf
43,119,inf,inf,inf,1063.9116504672745,inf
43,120,inf,inf,inf,1312.6663704079572,inf
43,121,inf,inf,inf,911.2831612621842,inf
43,122,inf,inf,inf,1083.5986341814944,inf
43,123,inf,inf,inf,1259.1505072865596,inf
43,124,inf,inf,inf,946.481906852952,inf
43,125,inf,inf,inf,1192.2050998045597,inf
43,126,inf,inf,inf,1207.9246665251935,inf
43,127,inf,inf,inf,1199.4369512400392,inf
43,128,inf,inf,inf,1232.978913039473,inf
43,129,inf,inf,inf,1285.8946302088675,inf
43,130,inf,inf,inf,949.2660322586077,inf
43,131,inf,inf,inf,1455.2254120925734,inf
43,132,inf,inf,inf,1152.7727442995865,inf
43,133,inf,inf,inf,1198.1652640600128,inf
43,134,inf,inf,inf,1066.201200524554,inf
43,135,inf,inf,inf,569.8912176898325,inf
43,136,inf,inf,inf,1088.3547215866708,inf
43,137,inf,inf,inf,879.8141849277039,inf
43,138,inf,inf,inf,978.008179924892,inf
43,139,inf,inf,inf,1157.2177841702917,inf
43,140,inf,inf,inf,410.8442527284518,inf
43,141,inf,inf,inf,441.13036621842303,inf
43,142,inf,inf,inf,650.2814775156986,inf
43,143,inf,inf,inf,8.54400374531753,inf
43,144,inf,inf,inf,911.51138226574,inf
43,145,inf,inf,inf,867.1631911007294,inf
43,146,inf,inf,inf,1064.169629335474,inf
43,147,inf,inf,inf,235.5949914577982,inf
43,148,inf,inf,inf,636.9207172011286,inf
43,149,inf,inf,inf,861.3408152409824,inf
43,150,inf,inf,inf,389.5356209642451,inf
43,151,inf,inf,inf,576.9064048873092,inf
43,152,inf,inf,inf,929.3465446215421,inf
43,153,inf,inf,inf,1185.5382743716038,inf
43,154,inf,inf,inf,1074.5701466167764,inf
43,155,inf,inf,inf,1121.2782883833968,inf
43,156,inf,inf,inf,633.4611274577154,inf
43,157,inf,inf,inf,406.17360820220705,inf
43,158,inf,inf,inf,700.2292481751958,inf
43,159,inf,inf,inf,712.9039205951949,inf
43,160,inf,inf,inf,598.8063125919766,inf
43,161,inf,inf,inf,540.5645197383935,inf
43,162,inf,inf,inf,718.5332281808545,inf
43,163,inf,inf,inf,576.531872492753,inf
43,164,inf,inf,inf,960.7897792961788,inf
43,165,inf,inf,inf,550.2017811676004,inf
43,166,inf,inf,inf,670.4103221162395,inf
43,167,inf,inf,inf,1059.2908004887042,inf
43,168,inf,inf,inf,991.3152878877638,inf
43,169,inf,inf,inf,929.1097889915917,inf
43,170,inf,inf,inf,507.57561013114093,inf
44,45,inf,inf,inf,260.83711392361323,inf
44,46,inf,inf,inf,799.602401196995,inf
44,47,inf,inf,inf,338.9985250705377,inf
44,48,inf,inf,inf,930.6669651384431,inf
44,49,inf,inf,inf,453.49531419850416,inf
44,50,inf,inf,inf,879.4003638843914,inf
44,51,inf,inf,inf,581.145420699501,inf
44,52,inf,inf,inf,570.6356105256664,inf
44,53,inf,inf,inf,330.4300228490141,inf
44,54,inf,inf,inf,899.1690608556324,inf
44,55,inf,inf,inf,794.0037783285417,inf
44,56,inf,inf,inf,309.2911249939125,inf
44,57,inf,inf,inf,396.36473102434326,inf
44,58,inf,inf,inf,980.2499681203769,inf
44,59,inf,inf,inf,615.1975292538161,inf
44,60,inf,inf,inf,627.0924971644932,inf
44,61,inf,inf,inf,528.3502626099471,inf
44,62,inf,inf,inf,445.70169396133105,inf
44,63,inf,inf,inf,855.6319302129859,inf
44,64,inf,inf,inf,642.4865757352444,inf
44,65,inf,inf,inf,563.3205126746229,inf
44,66,inf,inf,inf,666.9640170204087,inf
44,67,inf,inf,inf,185.98118184375537,inf
44,68,inf,inf,inf,298.8394217635953,inf
44,69,inf,inf,inf,517.2794215895312,inf
44,70,inf,inf,inf,585.3417805009309,inf
44,71,inf,inf,inf,191.60375779195982,inf
44,72,inf,inf,inf,495.54111837465115,inf
44,73,inf,inf,inf,740.705744543675,inf
44,74,inf,inf,inf,383.8176650442238,inf
44,75,inf,inf,inf,509.03536222938385,inf
44,76,inf,inf,inf,523.6869293767031,inf
44,77,inf,inf,inf,313.54266057428293,inf
44,78,inf,inf,inf,552.2544703304809,inf
44,79,inf,inf,inf,513.6010124600613,inf
44,80,inf,inf,inf,531.6286297783445,inf
44,81,inf,inf,inf,462.8747130703945,inf
44,82,inf,inf,inf,657.2183807533079,inf
44,83,inf,inf,inf,396.18808664572435,inf
44,84,inf,inf,inf,565.0318575089373,inf
44,85,inf,inf,inf,940.7592678257281,inf
44,86,inf,inf,inf,657.8639677015302,inf
44,87,inf,inf,inf,525.837427348035,inf
44,88,inf,inf,inf,451.3025592659541,inf
44,89,inf,inf,inf,101.9803902718557,inf
44,90,inf,inf,inf,903.0088593142373,inf
44,91,inf,inf,inf,427.57572428752314,inf
44,92,inf,inf,inf,939.8138113477584,inf
44,93,inf,inf,inf,785.2012480886667,inf
44,94,inf,inf,inf,463.9062405271134,inf
44,95,inf,inf,inf,821.2508751897924,inf
44,96,inf,inf,inf,710.1274533490449,inf
44,97,inf,inf,inf,622.9807380649903,inf
44,98,inf,inf,inf,500.2579334703249,inf
44,99,inf,inf,inf,373.1621631409058,inf
44,100,inf,inf,inf,828.7882721177949,inf
44,101,inf,inf,inf,576.7789871345869,inf
44,102,inf,inf,inf,255.78506602223672,inf
44,103,inf,inf,inf,725.2895973333686,inf
44,104,inf,inf,inf,566.5165487432826,inf
44,105,inf,inf,inf,891.9736543194535,inf
44,106,inf,inf,inf,724.1574414448836,inf
44,107,inf,inf,inf,549.0582847020888,inf
44,108,inf,inf,inf,145.09651959988565,inf
44,109,inf,inf,inf,400.6419848193646,inf
44,110,inf,inf,inf,349.81280708401744,inf
44,111,inf,inf,inf,520.7388981053749,inf
44,112,inf,inf,inf,345.3534421429733,inf
44,113,inf,inf,inf,420.82894387149753,inf
44,114,inf,inf,inf,502.1205034650547,inf
44,115,inf,inf,inf,626.039136156838,inf
44,116,inf,inf,inf,585.5911543047761,inf
44,117,2.0,247.5929,247.59292911256347,142.76203977248295,1.734305068119981
44,118,inf,inf,inf,354.76471075911707,inf
44,119,inf,inf,inf,540.8114273940594,inf
44,120,inf,inf,inf,352.4656011584677,inf
44,121,inf,inf,inf,90.0222194794152,inf
44,122,inf,inf,inf,214.9534833400008,inf
44,123,inf,inf,inf,526.7874334112385,inf
44,124,inf,inf,inf,508.27256467371916,inf
44,125,inf,inf,inf,303.7795253140014,inf
44,126,inf,inf,inf,560.7040217440928,inf
44,127,inf,inf,inf,558.2257607814244,inf
44,128,inf,inf,inf,836.0143539437586,inf
44,129,inf,inf,inf,467.18090714411693,inf
44,130,inf,inf,inf,202.60552805883654,inf
44,131,inf,inf,inf,495.22722057657535,inf
44,132,inf,inf,inf,590.2033547854502,inf
44,133,inf,inf,inf,770.2110100485451,inf
44,134,inf,inf,inf,280.0285699709942,inf
44,135,inf,inf,inf,394.6808837529378,inf
44,136,inf,inf,inf,267.7778930382417,inf
44,137,inf,inf,inf,720.850886106135,inf
44,138,inf,inf,inf,623.0288917859267,inf
44,139,inf,inf,inf,371.1387880564358,inf
44,140,inf,inf,inf,990.3292381829389,inf
44,141,inf,inf,inf,535.3587582173285,inf
44,142,inf,inf,inf,749.7632959808049,inf
44,143,inf,inf,inf,962.6016829405609,inf
44,144,inf,inf,inf,427.6751103349364,inf
44,145,inf,inf,inf,568.40918359928,inf
44,146,inf,inf,inf,624.4741788096607,inf
44,147,inf,inf,inf,916.6286052704224,inf
44,148,inf,inf,inf,386.213671430725,inf
44,149,inf,inf,inf,438.7493589738907,inf
44,150,inf,inf,inf,860.3075031638397,inf
44,151,inf,inf,inf,428.44136121527765,inf
44,152,inf,inf,inf,655.5867600859553,inf
44,153,inf,inf,inf,571.349280213076,inf
44,154,inf,inf,inf,615.223536610881,inf
44,155,inf,inf,inf,552.7259718884214,inf
44,156,inf,inf,inf,979.150652351312,inf
44,157,inf,inf,inf,865.2675886683842,inf
44,158,inf,inf,inf,947.7383605193999,inf
44,159,inf,inf,inf,386.6846260197061,inf
44,160,inf,inf,inf,893.8064667476959,inf
44,161,inf,inf,inf,457.0175051351972,inf
44,162,inf,inf,inf,329.84390247509504,inf
44,163,inf,inf,inf,564.4909210961679,inf
44,164,inf,inf,inf,54.20332093147061,inf
44,165,inf,inf,inf,461.68062554107684,inf
44,166,inf,inf,inf,386.3534651067595,inf
44,167,inf,inf,inf,373.5505320569093,inf
44,168,inf,inf,inf,634.9622035995528,inf
44,169,inf,inf,inf,528.6397639224655,inf
44,170,inf,inf,inf,842.7478863812119,inf
45,46,inf,inf,inf,1033.878135952202,inf
45,47,inf,inf,inf,438.1643527262344,inf
45,48,inf,inf,inf,1187.7950159855025,inf
45,49,inf,inf,inf,674.8466492470716,inf
45,50,inf,inf,inf,1133.0423646095498,inf
45,51,inf,inf,inf,841.9798097341765,inf
45,52,inf,inf,inf,597.4152659582779,inf
45,53,inf,inf,inf,515.4609587543949,inf
45,54,inf,inf,inf,1149.6073242633765,inf
45,55,inf,inf,inf,997.5299494250787,inf
45,56,inf,inf,inf,152.3975065412817,inf
45,57,inf,inf,inf,520.3892773683947,inf
45,58,inf,inf,inf,1238.9164620748245,inf
45,59,inf,inf,inf,699.0851164200251,inf
45,60,inf,inf,inf,803.9633076204411,inf
45,61,inf,inf,inf,695.449494931156,inf
45,62,inf,inf,inf,479.98541644512494,inf
45,63,inf,inf,inf,1113.2160616879366,inf
45,64,inf,inf,inf,571.8644944390236,inf
45,65,inf,inf,inf,624.7575529755522,inf
45,66,inf,inf,inf,842.1502241286884,inf
45,67,inf,inf,inf,445.80825474636515,inf
45,68,inf,inf,inf,165.01212076693034,inf
45,69,inf,inf,inf,702.8869041318098,inf
45,70,inf,inf,inf,767.8678271681918,inf
45,71,inf,inf,inf,327.2002444986862,inf
45,72,inf,inf,inf,312.40518561637225,inf
45,73,inf,inf,inf,879.4458482476338,inf
45,74,inf,inf,inf,537.207594883021,inf
45,75,inf,inf,inf,769.143029611528,inf
45,76,inf,inf,inf,292.0068492347397,inf
45,77,inf,inf,inf,153.57408635573907,inf
45,78,inf,inf,inf,718.8525579004362,inf
45,79,inf,inf,inf,496.2358310319802,inf
45,80,inf,inf,inf,662.7254333432511,inf
45,81,inf,inf,inf,239.1505801790997,inf
45,82,inf,inf,inf,906.0353193998565,inf
45,83,inf,inf,inf,506.16696849952586,inf
45,84,inf,inf,inf,654.2759356724042,inf
45,85,inf,inf,inf,1106.1464640814977,inf
45,86,inf,inf,inf,896.9754734662481,inf
45,87,inf,inf,inf,685.878269082787,inf
45,88,inf,inf,inf,613.9983713333448,inf
45,89,inf,inf,inf,336.5055720192461,inf
45,90,inf,inf,inf,1083.5446460575586,inf
45,91,inf,inf,inf,684.8335564208285,inf
45,92,inf,inf,inf,1172.7923942454606,inf
45,93,inf,inf,inf,1012.0459475735279,inf
45,94,inf,inf,inf,696.1386356179349,inf
45,95,inf,inf,inf,987.0020263403718,inf
45,96,inf,inf,inf,922.8353049163214,inf
45,97,inf,inf,inf,702.9260274025994,inf
45,98,inf,inf,inf,368.46980880392357,inf
45,99,inf,inf,inf,522.9780110100232,inf
45,100,inf,inf,inf,1034.0841358419536,inf
45,101,inf,inf,inf,722.2146495329488,inf
45,102,inf,inf,inf,408.71750635371615,inf
45,103,inf,inf,inf,892.5766073564778,inf
45,104,inf,inf,inf,827.1184921158516,inf
45,105,inf,inf,inf,1122.1875957254206,inf
45,106,inf,inf,inf,876.9264507357501,inf
45,107,inf,inf,inf,802.9053493407552,inf
45,108,inf,inf,inf,328.25752085824325,inf
45,109,inf,inf,inf,661.4786466697168,inf
45,110,inf,inf,inf,93.30058949438637,inf
45,111,inf,inf,inf,463.146844963884,inf
45,112,inf,inf,inf,472.49232798004243,inf
45,113,inf,inf,inf,536.269521789184,inf
45,114,inf,inf,inf,393.68642343875666,inf
45,115,inf,inf,inf,489.56817707036475,inf
45,116,inf,inf,inf,727.9869504324923,inf
45,117,inf,inf,inf,401.3838561775996,inf
45,118,inf,inf,inf,602.3769583906742,inf
45,119,inf,inf,inf,624.1482195760875,inf
45,120,inf,inf,inf,92.28217596047462,inf
45,121,inf,inf,inf,322.6701101744629,inf
45,122,inf,inf,inf,246.16457909293123,inf
45,123,inf,inf,inf,484.51728555336393,inf
45,124,inf,inf,inf,640.0132811121969,inf
45,125,inf,inf,inf,217.03916697223107,inf
45,126,inf,inf,inf,561.4454559438522,inf
45,127,inf,inf,inf,563.2512760748972,inf
45,128,inf,inf,inf,896.9659971258666,inf
45,129,inf,inf,inf,377.107411754264,inf
45,130,inf,inf,inf,358.286198450345,inf
45,131,inf,inf,inf,234.4397577204003,inf
45,132,inf,inf,inf,627.0948891515542,inf
45,133,inf,inf,inf,832.0655022292416,inf
45,134,inf,inf,inf,325.7299494980466,inf
45,135,inf,inf,inf,654.0282868500414,inf
45,136,inf,inf,inf,291.3365751154496,inf
45,137,inf,inf,inf,872.4689106208886,inf
45,138,inf,inf,inf,738.20390137143,inf
45,139,inf,inf,inf,366.1966684720111,inf
45,140,inf,inf,inf,1234.7777127888241,inf
45,141,inf,inf,inf,794.4236904826039,inf
45,142,inf,inf,inf,961.5700702496932,inf
45,143,inf,inf,inf,1223.4157102146432,inf
45,144,inf,inf,inf,574.7364613455458,inf
45,145,inf,inf,inf,720.2923017775491,inf
45,146,inf,inf,inf,717.1750135078606,inf
45,147,inf,inf,inf,1170.0341875347062,inf
45,148,inf,inf,inf,629.1557835703333,inf
45,149,inf,inf,inf,597.4085704105692,inf
45,150,inf,inf,inf,1105.7237448838657,inf
45,151,inf,inf,inf,677.9749257900324,inf
45,152,inf,inf,inf,798.6300770694778,inf
45,153,inf,inf,inf,598.9757924991627,inf
45,154,inf,inf,inf,702.5894960786135,inf
45,155,inf,inf,inf,610.1229384312641,inf
45,156,inf,inf,inf,1198.3204913544623,inf
45,157,inf,inf,inf,1105.0520349739193,inf
45,158,inf,inf,inf,1155.5725853445988,inf
45,159,inf,inf,inf,611.2552658259887,inf
45,160,inf,inf,inf,1115.1546977886073,inf
45,161,inf,inf,inf,711.5567440478658,inf
45,162,inf,inf,inf,564.7344508704954,inf
45,163,inf,inf,inf,798.204234516455,inf
45,164,inf,inf,inf,266.101484400219,inf
45,165,inf,inf,inf,710.8452714902168,inf
45,166,inf,inf,inf,623.5102244550606,inf
45,167,inf,inf,inf,431.93518032223307,inf
45,168,inf,inf,inf,756.111764225369,inf
45,169,inf,inf,inf,658.2036159122798,inf
45,170,inf,inf,inf,1070.5606008068858,inf
46,47,inf,inf,inf,1000.2099779546293,inf
46,48,inf,inf,inf,313.31294259892934,inf
46,49,inf,inf,inf,770.6581602760072,inf
46,50,inf,inf,inf,650.431395306223,inf
46,51,inf,inf,inf,417.40388115109806,inf
46,52,inf,inf,inf,1230.634389248082,inf
46,53,inf,inf,inf,860.0860422074061,inf
46,54,inf,inf,inf,197.12178976460214,inf
46,55,inf,inf,inf,199.0226117806718,inf
46,56,inf,inf,inf,1108.886378309338,inf
46,57,inf,inf,inf,991.7666056083962,inf
46,58,inf,inf,inf,607.6001974983221,inf
46,59,inf,inf,inf,647.3638853071741,inf
46,60,inf,inf,inf,976.4717097796536,inf
46,61,inf,inf,inf,960.342647183806,inf
46,62,inf,inf,inf,1133.893293039517,inf
46,63,inf,inf,inf,286.90416518412553,inf
46,64,inf,inf,inf,1384.277790040713,inf
46,65,inf,inf,inf,702.9381196094006,inf
46,66,inf,inf,inf,351.062672467467,inf
46,67,inf,inf,inf,662.399426328254,inf
46,68,inf,inf,inf,971.0782666706119,inf
46,69,inf,inf,inf,905.6102914609572,inf
46,70,inf,inf,inf,940.7279096529453,inf
46,71,inf,inf,inf,907.0678034193475,inf
46,72,inf,inf,inf,1114.2463820897065,inf
46,73,inf,inf,inf,1145.3300834257345,inf
46,74,inf,inf,inf,554.1479946729032,inf
46,75,inf,inf,inf,398.32775449370837,inf
46,76,inf,inf,inf,1318.364137861767,inf
46,77,inf,inf,inf,1113.127575797132,inf
46,78,inf,inf,inf,971.798847498802,inf
46,79,inf,inf,inf,861.4836040227348,inf
46,80,inf,inf,inf,1043.4332752984255,inf
46,81,inf,inf,inf,1148.0195991358335,inf
46,82,inf,inf,inf,634.9834643516317,inf
46,83,inf,inf,inf,1012.87758391624,inf
46,84,inf,inf,inf,635.4407918917387,inf
46,85,inf,inf,inf,1196.6954499788155,inf
46,86,inf,inf,inf,713.8073969916535,inf
46,87,inf,inf,inf,976.8280299008624,inf
46,88,inf,inf,inf,491.1720676097125,inf
46,89,inf,inf,inf,704.1051057903217,inf
46,90,inf,inf,inf,1117.941411702778,inf
46,91,inf,inf,inf,414.03502267320334,inf
46,92,inf,inf,inf,878.5453886965659,inf
46,93,inf,inf,inf,838.8712654513802,inf
46,94,inf,inf,inf,724.5170805439993,inf
46,95,inf,inf,inf,1117.8054392424472,inf
46,96,inf,inf,inf,171.4322023425004,inf
46,97,inf,inf,inf,657.9825225642395,inf
46,98,inf,inf,inf,1043.6714042264452,inf
46,99,inf,inf,inf,939.5073176936942,inf
46,100,inf,inf,inf,972.0627551758168,inf
46,101,inf,inf,inf,479.0093944798995,inf
46,102,inf,inf,inf,901.7061605645156,inf
46,103,inf,inf,inf,1056.345114060741,inf
46,104,inf,inf,inf,446.5075587266133,inf
46,105,inf,inf,inf,870.8828853525599,inf
46,106,inf,inf,inf,428.8216412449353,inf
46,107,inf,inf,inf,575.7751297164544,inf
46,108,inf,inf,inf,850.3111195321393,inf
46,109,inf,inf,inf,493.81170500505556,inf
46,110,inf,inf,inf,1127.108246797973,inf
46,111,inf,inf,inf,934.1803894323623,inf
46,112,inf,inf,inf,626.9968101992226,inf
46,113,inf,inf,inf,1016.4236321534441,inf
46,114,inf,inf,inf,1009.6301302952483,inf
46,115,inf,inf,inf,1409.0056777742238,inf
46,116,inf,inf,inf,485.5687386972106,inf
46,117,inf,inf,inf,701.0,inf
46,118,inf,inf,inf,657.1407763942213,inf
46,119,inf,inf,inf,1133.086492726835,inf
46,120,inf,inf,inf,1123.36102834307,inf
46,121,inf,inf,inf,794.2518492266795,inf
46,122,inf,inf,inf,989.2911603769641,inf
46,123,inf,inf,inf,909.1408031762737,inf
46,124,inf,inf,inf,1030.3421761725567,inf
46,125,inf,inf,inf,928.8756644460011,inf
46,126,inf,inf,inf,834.7939865619541,inf
46,127,inf,inf,inf,825.6512580987205,inf
46,128,inf,inf,inf,1379.4854113037948,inf
46,129,inf,inf,inf,969.4173507834487,inf
46,130,inf,inf,inf,887.7640452282352,inf
46,131,inf,inf,inf,1251.2401847766878,inf
46,132,inf,inf,inf,761.2883816268313,inf
46,133,inf,inf,inf,1327.6840738669723,inf
46,134,inf,inf,inf,781.1811569668075,inf
46,135,inf,inf,inf,458.33284848459203,inf
46,136,inf,inf,inf,812.6112231565596,inf
46,137,inf,inf,inf,433.23203944306795,inf
46,138,inf,inf,inf,559.9473189506313,inf
46,139,inf,inf,inf,1114.73225484867,inf
46,140,inf,inf,inf,814.4814301136644,inf
46,141,inf,inf,inf,502.02091589892945,inf
46,142,inf,inf,inf,901.7078240760695,inf
46,143,inf,inf,inf,469.56362721147815,inf
46,144,inf,inf,inf,964.515422375402,inf
46,145,inf,inf,inf,462.47270189709576,inf
46,146,inf,inf,inf,1170.6493924313975,inf
46,147,inf,inf,inf,244.49948875202173,inf
46,148,inf,inf,inf,414.03502267320334,inf
46,149,inf,inf,inf,508.2568248435037,inf
46,150,inf,inf,inf,736.0251354403598,inf
46,151,inf,inf,inf,381.15875957401266,inf
46,152,inf,inf,inf,1083.7610437730266,inf
46,153,inf,inf,inf,1230.1430811088603,inf
46,154,inf,inf,inf,1174.0153320974987,inf
46,155,inf,inf,inf,1178.6916475482467,inf
46,156,inf,inf,inf,989.2320253610878,inf
46,157,inf,inf,inf,83.54639429682169,inf
46,158,inf,inf,inf,1029.6038072967679,inf
46,159,inf,inf,inf,754.8012983560641,inf
46,160,inf,inf,inf,926.2969286357372,inf
46,161,inf,inf,inf,581.3819742647686,inf
46,162,inf,inf,inf,720.4838651906092,inf
46,163,inf,inf,inf,727.7265970129166,inf
46,164,inf,inf,inf,774.2673956715471,inf
46,165,inf,inf,inf,349.57259617996374,inf
46,166,inf,inf,inf,703.6710879381076,inf
46,167,inf,inf,inf,733.7574531137657,inf
46,168,inf,inf,inf,1121.747297745798,inf
46,169,inf,inf,inf,538.6575906826154,inf
46,170,inf,inf,inf,63.7808748764079,inf
47,48,inf,inf,inf,1033.9366518312424,inf
47,49,inf,inf,inf,334.5235417724738,inf
47,50,inf,inf,inf,837.4467147227936,inf
47,51,inf,inf,inf,656.0198167738532,inf
47,52,inf,inf,inf,244.0430289928397,inf
47,53,inf,inf,inf,161.91355718407277,inf
47,54,inf,inf,inf,1042.2115908010235,inf
47,55,inf,inf,inf,1049.2749877891877,inf
47,56,inf,inf,inf,341.8669331772232,inf
47,57,inf,inf,inf,85.07055894961546,inf
47,58,inf,inf,inf,972.7127016750629,inf
47,59,inf,inf,inf,950.5387945791587,inf
47,60,inf,inf,inf,381.7761124009725,inf
47,61,inf,inf,inf,272.3710704168121,inf
47,62,inf,inf,inf,133.75350462698165,inf
47,63,inf,inf,inf,960.1551957886808,inf
47,64,inf,inf,inf,389.08225351460067,inf
47,65,inf,inf,inf,901.8303609881406,inf
47,66,inf,inf,inf,958.9395184264752,inf
47,67,inf,inf,inf,354.9661955736067,inf
47,68,inf,inf,inf,569.4953906749378,inf
47,69,inf,inf,inf,297.40544715926103,inf
47,70,inf,inf,inf,352.8809997718778,inf
47,71,inf,inf,inf,147.56693396557372,inf
47,72,inf,inf,inf,747.7733613869914,inf
47,73,inf,inf,inf,441.29015398034886,inf
47,74,inf,inf,inf,706.57766735158,inf
47,75,inf,inf,inf,623.0128409591571,inf
47,76,inf,inf,inf,534.8046372274646,inf
47,77,inf,inf,inf,345.0811498763733,inf
47,78,inf,inf,inf,293.7430850249925,inf
47,79,inf,inf,inf,844.9485191418469,inf
47,80,inf,inf,inf,224.8043593883357,inf
47,81,inf,inf,inf,676.4325539179794,inf
47,82,inf,inf,inf,607.4273619125171,inf
47,83,inf,inf,inf,68.00735254367721,inf
47,84,inf,inf,inf,900.2138634791179,inf
47,85,inf,inf,inf,671.1810486001523,inf
47,86,inf,inf,inf,565.8595232034183,inf
47,87,inf,inf,inf,258.3118270617898,inf
47,88,inf,inf,inf,764.8071652384018,inf
47,89,inf,inf,inf,418.6167698504206,inf
47,90,inf,inf,inf,655.6134531871658,inf
47,91,inf,inf,inf,586.2635925929565,inf
47,92,inf,inf,inf,806.7577083610668,inf
47,93,inf,inf,inf,641.6735930362103,inf
47,94,inf,inf,inf,377.5248336202534,inf
47,95,inf,inf,inf,553.3904588985972,inf
47,96,inf,inf,inf,957.3573000713997,inf
47,97,inf,inf,inf,958.8769472669577,inf
47,98,inf,inf,inf,787.0158829401095,inf
47,99,inf,inf,inf,110.3177229641729,inf
47,100,inf,inf,inf,629.0643846221149,inf
47,101,inf,inf,inf,892.8661713829234,inf
47,102,inf,inf,inf,102.45974819410792,inf
47,103,inf,inf,inf,461.26023023885335,inf
47,104,inf,inf,inf,629.7563020724763,inf
47,105,inf,inf,inf,752.5882008110411,inf
47,106,inf,inf,inf,1030.093199666904,inf
47,107,inf,inf,inf,542.9963167462556,inf
47,108,inf,inf,inf,198.79889335708083,inf
47,109,inf,inf,inf,512.0644490686694,inf
47,110,inf,inf,inf,476.8196724129574,inf
47,111,inf,inf,inf,841.2021160220652,inf
47,112,inf,inf,inf,678.9293041252528,inf
47,113,inf,inf,inf,98.12746812182611,inf
47,114,inf,inf,inf,801.1797551111736,inf
47,115,inf,inf,inf,456.63223714494796,inf
47,116,inf,inf,inf,902.8405174780316,inf
47,117,inf,inf,inf,330.83077245020604,inf
47,118,inf,inf,inf,362.6927073984256,inf
47,119,inf,inf,inf,203.03940504246953,inf
47,120,inf,inf,inf,492.6662156064692,inf
47,121,inf,inf,inf,268.71546289709494,inf
47,122,inf,inf,inf,192.02343606966312,inf
47,123,inf,inf,inf,852.1766248847712,inf
47,124,inf,inf,inf,202.42776489404807,inf
47,125,inf,inf,inf,598.8739433303139,inf
47,126,inf,inf,inf,896.2549860391293,inf
47,127,inf,inf,inf,894.3601064448258,inf
47,128,inf,inf,inf,497.36907825074934,inf
47,129,inf,inf,inf,773.2231243308752,inf
47,130,inf,inf,inf,140.73023839957068,inf
47,131,inf,inf,inf,617.9142335308355,inf
47,132,inf,inf,inf,929.1393867445294,inf
47,133,inf,inf,inf,431.4220671222092,inf
47,134,inf,inf,inf,615.0186989027244,inf
47,135,inf,inf,inf,542.0857865688788,inf
47,136,inf,inf,inf,597.5056485088655,inf
47,137,inf,inf,inf,1027.6390416873037,inf
47,138,inf,inf,inf,950.2762756167282,inf
47,139,inf,inf,inf,154.8418548067673,inf
47,140,inf,inf,inf,896.1473093191767,inf
47,141,inf,inf,inf,576.025173061039,inf
47,142,inf,inf,inf,568.6237772024663,inf
47,143,inf,inf,inf,1008.9449935452378,inf
47,144,inf,inf,inf,148.06079832285116,inf
47,145,inf,inf,inf,881.4153390995643,inf
47,146,inf,inf,inf,290.99828178186897,inf
47,147,inf,inf,inf,1044.3486008033908,inf
47,148,inf,inf,inf,610.8657790382434,inf
47,149,inf,inf,inf,755.3125181009514,inf
47,150,inf,inf,inf,777.2136128504184,inf
47,151,inf,inf,inf,625.0391987707651,inf
47,152,inf,inf,inf,361.1121709386157,inf
47,153,inf,inf,inf,244.22940035957996,inf
47,154,inf,inf,inf,279.69268849936,inf
47,155,inf,inf,inf,215.07673049402624,inf
47,156,inf,inf,inf,806.0223321968194,inf
47,157,inf,inf,inf,1047.377677822093,inf
47,158,inf,inf,inf,749.4477967143542,inf
47,159,inf,inf,inf,296.98653168115214,inf
47,160,inf,inf,inf,729.4120920302871,inf
47,161,inf,inf,inf,473.6296021154083,inf
47,162,inf,inf,inf,297.18849237478895,inf
47,163,inf,inf,inf,464.6310364149171,inf
47,164,inf,inf,inf,393.15391388106514,inf
47,165,inf,inf,inf,653.9671245559673,inf
47,166,inf,inf,inf,339.5541193977773,inf
47,167,inf,inf,inf,712.261188048317,inf
47,168,inf,inf,inf,318.98119066803923,inf
47,169,inf,inf,inf,853.7564055396598,inf
47,170,inf,inf,inf,1055.1094729932056,inf
48,49,inf,inf,inf,733.3300757503404,inf
48,50,inf,inf,inf,414.6058369101911,inf
48,51,inf,inf,inf,378.11770654123035,inf
48,52,inf,inf,inf,1233.117188267198,inf
48,53,inf,inf,inf,874.9565703507803,inf
48,54,inf,inf,inf,123.32072007574396,inf
48,55,inf,inf,inf,511.6453850080151,inf
48,56,inf,inf,inf,1227.8648134057755,inf
48,57,inf,inf,inf,999.9239971117805,inf
48,58,inf,inf,inf,323.4145945995635,inf
48,59,inf,inf,inf,938.7614180397488,inf
48,60,inf,inf,inf,890.9062801439891,inf
48,61,inf,inf,inf,910.7299270365502,inf
48,62,inf,inf,inf,1160.8104927161883,inf
48,63,inf,inf,inf,75.61084578286372,inf
48,64,inf,inf,inf,1421.0453898450958,inf
48,65,inf,inf,inf,983.4271706638982,inf
48,66,inf,inf,inf,654.7136778775895,inf
48,67,inf,inf,inf,756.9306441147696,inf
48,68,inf,inf,inf,1163.2248277955557,inf
48,69,inf,inf,inf,852.4230170519799,inf
48,70,inf,inf,inf,865.6766139846911,inf
48,71,inf,inf,inf,981.0326192334279,inf
48,72,inf,inf,inf,1331.2400234367956,inf
48,73,inf,inf,inf,1051.1270142090345,inf
48,74,inf,inf,inf,794.1593039183008,inf
48,75,inf,inf,inf,427.09483724343943,inf
48,76,inf,inf,inf,1450.3354784324902,inf
48,77,inf,inf,inf,1232.3246325542632,inf
48,78,inf,inf,inf,914.7196291760662,inf
48,79,inf,inf,inf,1121.49765938231,inf
48,80,inf,inf,inf,1008.2588953240135,inf
48,81,inf,inf,inf,1345.2687463849,inf
48,82,inf,inf,inf,505.4868939942954,inf
48,83,inf,inf,inf,1025.7455824910971,inf
48,84,inf,inf,inf,919.1572226773828,inf
48,85,inf,inf,inf,1039.6600405901922,inf
48,86,inf,inf,inf,585.702996406882,inf
48,87,inf,inf,inf,930.9629423344411,inf
48,88,inf,inf,inf,747.251630978481,inf
48,89,inf,inf,inf,852.8663435732471,inf
48,90,inf,inf,inf,956.3472172804185,inf
48,91,inf,inf,inf,503.23950560344525,inf
48,92,inf,inf,inf,655.7659643500873,inf
48,93,inf,inf,inf,669.215959164155,inf
48,94,inf,inf,inf,683.2642241475841,inf
48,95,inf,inf,inf,986.4167476274923,inf
48,96,inf,inf,inf,476.615148731133,inf
48,97,inf,inf,inf,950.0915745337394,inf
48,98,inf,inf,inf,1276.5159615139953,inf
48,99,inf,inf,inf,947.301958194957,inf
48,100,inf,inf,inf,807.8446632862039,inf
48,101,inf,inf,inf,767.2972044781604,inf
48,102,inf,inf,inf,949.3982304596949,inf
48,103,inf,inf,inf,948.051686354705,inf
48,104,inf,inf,inf,404.2301324740648,inf
48,105,inf,inf,inf,664.519375187812,inf
48,106,inf,inf,inf,738.8240656611017,inf
48,107,inf,inf,inf,507.52142811905,inf
48,108,inf,inf,inf,933.5352162612828,inf
48,109,inf,inf,inf,542.3513621260668,inf
48,110,inf,inf,inf,1279.2599423103968,inf
48,111,inf,inf,inf,1187.7348188884587,inf
48,112,inf,inf,inf,860.1976517056995,inf
48,113,inf,inf,inf,1019.9931372318149,inf
48,114,inf,inf,inf,1248.6833065273197,inf
48,115,inf,inf,inf,1480.8895975054993,inf
48,116,inf,inf,inf,775.6352235426135,inf
48,117,inf,inf,inf,801.7742824511148,inf
48,118,inf,inf,inf,671.7387885182752,inf
48,119,inf,inf,inf,1116.6467659918244,inf
48,120,inf,inf,inf,1280.0722635851462,inf
48,121,inf,inf,inf,895.4244803443784,inf
48,122,inf,inf,inf,1080.256451033735,inf
48,123,inf,inf,inf,1166.8024682867276,inf
48,124,inf,inf,inf,1001.6805878123025,inf
48,125,inf,inf,inf,1131.337703782562,inf
48,126,inf,inf,inf,1105.9701623461638,inf
48,127,inf,inf,inf,1097.144019716646,inf
48,128,inf,inf,inf,1314.3884509535224,inf
48,129,inf,inf,inf,1206.661924484236,inf
48,130,inf,inf,inf,953.9444428267299,inf
48,131,inf,inf,inf,1419.1508024167128,inf
48,132,inf,inf,inf,1042.873434315018,inf
48,133,inf,inf,inf,1273.4991166074674,inf
48,134,inf,inf,inf,995.4079565685619,inf
48,135,inf,inf,inf,536.9543742255947,inf
48,136,inf,inf,inf,1021.2952560351977,inf
48,137,inf,inf,inf,742.9057813747313,inf
48,138,inf,inf,inf,855.3852933035498,inf
48,139,inf,inf,inf,1173.3665241517674,inf
48,140,inf,inf,inf,562.1076409372141,inf
48,141,inf,inf,inf,459.412668523627,inf
48,142,inf,inf,inf,755.7737756762932,inf
48,143,inf,inf,inf,169.36646657470303,inf
48,144,inf,inf,inf,955.0753896944472,inf
48,145,inf,inf,inf,748.7723285485382,inf
48,146,inf,inf,inf,1129.6216180650936,inf
48,147,inf,inf,inf,75.18643494673756,inf
48,148,inf,inf,inf,571.317774972913,inf
48,149,inf,inf,inf,761.8950058899192,inf
48,150,inf,inf,inf,520.5324197396354,inf
48,151,inf,inf,inf,515.3261103417913,inf
48,152,inf,inf,inf,1008.4051765039686,inf
48,153,inf,inf,inf,1232.0913115512178,inf
48,154,inf,inf,inf,1137.8264366765259,inf
48,155,inf,inf,inf,1171.0836861642297,inf
48,156,inf,inf,inf,773.5819284342157,inf
48,157,inf,inf,inf,249.64975465639858,inf
48,158,inf,inf,inf,833.1176387521753,inf
48,159,inf,inf,inf,745.2999396216264,inf
48,160,inf,inf,inf,729.2002468458167,inf
48,161,inf,inf,inf,561.5069011152044,inf
48,162,inf,inf,inf,736.8106948192324,inf
48,163,inf,inf,inf,642.1471793911423,inf
48,164,inf,inf,inf,922.2282797659157,inf
48,165,inf,inf,inf,484.2003717470692,inf
48,166,inf,inf,inf,697.4998207885075,inf
48,167,inf,inf,inf,973.6924565795916,inf
48,168,inf,inf,inf,1063.4970615850332,inf
48,169,inf,inf,inf,817.1615507352265,inf
48,170,inf,inf,inf,353.1416146533852,inf
49,50,inf,inf,inf,503.01192828798804,inf
49,51,inf,inf,inf,369.6701232179847,inf
49,52,inf,inf,inf,501.51869356984093,inf
49,53,inf,inf,inf,178.86866690396056,inf
49,54,inf,inf,inf,764.6809792325163,inf
49,55,inf,inf,inf,872.8619593039898,inf
49,56,inf,inf,inf,632.8925659225268,inf
49,57,inf,inf,inf,277.9946042641835,inf
49,58,inf,inf,inf,639.0774600938449,inf
49,59,inf,inf,inf,939.0985038855083,inf
49,60,inf,inf,inf,226.81490250863146,inf
49,61,inf,inf,inf,189.69449122207,inf
49,62,inf,inf,inf,443.9909908995902,inf
49,63,inf,inf,inf,663.7379000780353,inf
49,64,inf,inf,inf,701.6615993482899,inf
49,65,inf,inf,inf,918.4007839717908,inf
49,66,inf,inf,inf,841.4588522322408,inf
49,67,inf,inf,inf,311.75150360503477,inf
49,68,inf,inf,inf,751.2156814124689,inf
49,69,inf,inf,inf,135.91173606425605,inf
49,70,inf,inf,inf,183.99184764548673,inf
49,71,inf,inf,inf,357.8295683701949,inf
49,72,inf,inf,inf,947.5193929413794,inf
49,73,inf,inf,inf,389.61647809095547,inf
49,74,inf,inf,inf,680.1543942370732,inf
49,75,inf,inf,inf,372.5385886052611,inf
49,76,inf,inf,inf,848.5575996949176,inf
49,77,inf,inf,inf,636.9843012194257,inf
49,78,inf,inf,inf,201.8539075668341,inf
49,79,inf,inf,inf,930.7889126971808,inf
49,80,inf,inf,inf,278.32534918688236,inf
49,81,inf,inf,inf,904.3367735528618,inf
49,82,inf,inf,inf,273.3093485411723,inf
49,83,inf,inf,inf,305.7924132479418,inf
49,84,inf,inf,inf,891.8705062956169,inf
49,85,inf,inf,inf,523.0544904692053,inf
49,86,inf,inf,inf,234.43762496664223,inf
49,87,inf,inf,inf,206.70026608594387,inf
49,88,inf,inf,inf,709.3264410692724,inf
49,89,inf,inf,inf,463.00971912045213,inf
49,90,inf,inf,inf,469.30693581066964,inf
49,91,inf,inf,inf,385.9961139700761,inf
49,92,inf,inf,inf,498.7183573922259,inf
49,93,inf,inf,inf,337.2135821701137,inf
49,94,inf,inf,inf,50.08991914547278,inf
49,95,inf,inf,inf,411.7341375208036,inf
49,96,inf,inf,inf,779.6364537398184,inf
49,97,inf,inf,inf,949.9310501294291,inf
49,98,inf,inf,inf,952.5313643130078,inf
49,99,inf,inf,inf,229.53866776645717,inf
49,100,inf,inf,inf,377.1949098277971,inf
49,101,inf,inf,inf,826.8155779858046,inf
49,102,inf,inf,inf,287.17242207426534,inf
49,103,inf,inf,inf,324.64904127380385,inf
49,104,inf,inf,inf,339.9308753261463,inf
49,105,inf,inf,inf,447.4874299910557,inf
49,106,inf,inf,inf,930.6180741851084,inf
49,107,inf,inf,inf,226.00221237855172,inf
49,108,inf,inf,inf,346.5905365124674,inf
49,109,inf,inf,inf,295.97972903562163,inf
49,110,inf,inf,inf,742.8492444635049,inf
49,111,inf,inf,inf,955.0020942385414,inf
49,112,inf,inf,inf,688.076303908222,inf
49,113,inf,inf,inf,293.7430850249925,inf
49,114,inf,inf,inf,951.151407505661,inf
49,115,inf,inf,inf,789.5346730828229,inf
49,116,inf,inf,inf,838.3537439529927,inf
49,117,inf,inf,inf,333.0540496676178,inf
49,118,inf,inf,inf,147.648230602334,inf
49,119,inf,inf,inf,383.3340579703296,inf
49,120,inf,inf,inf,753.5847663003811,inf
49,121,inf,inf,inf,366.61969396092184,inf
49,122,inf,inf,inf,462.47702645645006,inf
49,123,inf,inf,inf,954.5035358761119,inf
49,124,inf,inf,inf,269.4160351575236,inf
49,125,inf,inf,inf,756.6901611624139,inf
49,126,inf,inf,inf,962.6551822953014,inf
49,127,inf,inf,inf,957.7358717308233,inf
49,128,inf,inf,inf,608.8365954835501,inf
49,129,inf,inf,inf,913.868699540585,inf
49,130,inf,inf,inf,324.45184542548066,inf
49,131,inf,inf,inf,894.2930168574503,inf
49,132,inf,inf,inf,962.6349256078339,inf
49,133,inf,inf,inf,558.0689921506122,inf
49,134,inf,inf,inf,703.0348497763109,inf
49,135,inf,inf,inf,347.1901496298534,inf
49,136,inf,inf,inf,702.5987475081349,inf
49,137,inf,inf,inf,930.0,inf
49,138,inf,inf,inf,907.3968260909887,inf
49,139,inf,inf,inf,488.78829773225954,inf
49,140,inf,inf,inf,571.8478818706947,inf
49,141,inf,inf,inf,281.04981764804614,inf
49,142,inf,inf,inf,296.5889411289639,inf
49,143,inf,inf,inf,685.6238035541065,inf
49,144,inf,inf,inf,224.58851261807672,inf
49,145,inf,inf,inf,810.0154319517623,inf
49,146,inf,inf,inf,403.98267289575676,inf
49,147,inf,inf,inf,756.9848083019897,inf
49,148,inf,inf,inf,469.00426437293726,inf
49,149,inf,inf,inf,707.5203177294628,inf
49,150,inf,inf,inf,447.89396066479844,inf
49,151,inf,inf,inf,449.7554891271478,inf
49,152,inf,inf,inf,318.0251562376788,inf
49,153,inf,inf,inf,500.3698632012124,inf
49,154,inf,inf,inf,409.69500851242987,inf
49,155,inf,inf,inf,438.07305326851593,inf
49,156,inf,inf,inf,526.8491245128913,inf
49,157,inf,inf,inf,798.3996492985202,inf
49,158,inf,inf,inf,494.71810154875067,inf
49,159,inf,inf,inf,66.91038783328041,inf
49,160,inf,inf,inf,442.21714123267543,inf
49,161,inf,inf,inf,189.47559209565753,inf
49,162,inf,inf,inf,129.0620006043607,inf
49,163,inf,inf,inf,131.89389675038038,inf
49,164,inf,inf,inf,490.1958792156458,inf
49,165,inf,inf,inf,466.56725131539184,inf
49,166,inf,inf,inf,89.47066558375433,inf
49,167,inf,inf,inf,767.4125357329003,inf
49,168,inf,inf,inf,351.0911562543266,inf
49,169,inf,inf,inf,813.8808266570727,inf
49,170,inf,inf,inf,832.2703887559619,inf
50,51,inf,inf,inf,352.02982828163863,inf
50,52,inf,inf,inf,977.1898484941398,inf
50,53,inf,inf,inf,680.3418258493299,inf
50,54,inf,inf,inf,516.7842876868452,inf
50,55,inf,inf,inf,835.160463623608,inf
50,56,inf,inf,inf,1120.2187286418666,inf
50,57,inf,inf,inf,775.918810185705,inf
50,58,inf,inf,inf,152.029602380589,inf
50,59,inf,inf,inf,1139.4810222202036,inf
50,60,inf,inf,inf,569.3680707591532,inf
50,61,inf,inf,inf,628.6215077453205,inf
50,62,inf,inf,inf,940.8001913265111,inf
50,63,inf,inf,inf,386.4000517598309,inf
50,64,inf,inf,inf,1191.8288467728912,inf
50,65,inf,inf,inf,1156.168240352588,inf
50,66,inf,inf,inf,914.4003499561885,inf
50,67,inf,inf,inf,695.449494931156,inf
50,68,inf,inf,inf,1167.1752224923214,inf
50,69,inf,inf,inf,575.2434267334135,inf
50,70,inf,inf,inf,559.7946051901537,inf
50,71,inf,inf,inf,844.6188489490393,inf
50,72,inf,inf,inf,1359.3741206893708,inf
50,73,inf,inf,inf,705.1595564125895,inf
50,74,inf,inf,inf,921.3083088738535,inf
50,75,inf,inf,inf,441.0260763265592,inf
50,76,inf,inf,inf,1341.8572949460759,inf
50,77,inf,inf,inf,1124.5310133562346,inf
50,78,inf,inf,inf,623.1035226990776,inf
50,79,inf,inf,inf,1241.726620476504,inf
50,80,inf,inf,inf,730.4847705462448,inf
50,81,inf,inf,inf,1340.6811701519493,inf
50,82,inf,inf,inf,232.86262044390037,inf
50,83,inf,inf,inf,804.0920345333611,inf
50,84,inf,inf,inf,1104.7569868527648,inf
50,85,inf,inf,inf,643.0839758538538,inf
50,86,inf,inf,inf,275.77164466275354,inf
50,87,inf,inf,inf,650.459837345858,inf
50,88,inf,inf,inf,906.9735387540256,inf
50,89,inf,inf,inf,840.538517856261,inf
50,90,inf,inf,inf,559.580199792666,inf
50,91,inf,inf,inf,537.1107893163197,inf
50,92,inf,inf,inf,241.17421089328766,inf
50,93,inf,inf,inf,285.1105048924013,inf
50,94,inf,inf,inf,462.70508966295154,inf
50,95,inf,inf,inf,610.733984644706,inf
50,96,inf,inf,inf,765.937334251308,inf
50,97,inf,inf,inf,1151.5224704711584,inf
50,98,inf,inf,inf,1335.4613435064305,inf
50,99,inf,inf,inf,730.7290879662585,inf
50,100,inf,inf,inf,416.20307543313515,inf
50,101,inf,inf,inf,979.2042687815449,inf
50,102,inf,inf,inf,783.8016330679593,inf
50,103,inf,inf,inf,596.2717501274062,inf
50,104,inf,inf,inf,348.08045047086455,inf
50,105,inf,inf,inf,253.14027731674784,inf
50,106,inf,inf,inf,1010.7883062244042,inf
50,107,inf,inf,inf,330.47844105175756,inf
50,108,inf,inf,inf,817.4753818923234,inf
50,109,inf,inf,inf,504.7583580288691,inf
50,110,inf,inf,inf,1212.991343744876,inf
50,111,inf,inf,inf,1290.4572832914696,inf
50,112,inf,inf,inf,966.0569341400122,inf
50,113,inf,inf,inf,787.5531728080333,inf
50,114,inf,inf,inf,1320.5604870660034,inf
50,115,inf,inf,inf,1290.8679250798666,inf
50,116,inf,inf,inf,990.129284487637,inf
50,117,inf,inf,inf,736.8391954829765,inf
50,118,inf,inf,inf,531.4894166396919,inf
50,119,inf,inf,inf,849.1136555255722,inf
50,120,inf,inf,inf,1220.2741495254254,inf
50,121,inf,inf,inf,810.4548105847729,inf
50,122,inf,inf,inf,951.8928511129811,inf
50,123,inf,inf,inf,1278.837753587217,inf
50,124,inf,inf,inf,732.4165481472958,inf
50,125,inf,inf,inf,1154.4041753216245,inf
50,126,inf,inf,inf,1249.0924705561233,inf
50,127,inf,inf,inf,1241.625144719613,inf
50,128,inf,inf,inf,981.0020387338652,inf
50,129,inf,inf,inf,1278.8420543601153,inf
50,130,inf,inf,inf,811.7733673877211,inf
50,131,inf,inf,inf,1364.3918058974116,inf
50,132,inf,inf,inf,1212.77244361834,inf
50,133,inf,inf,inf,952.9543535762875,inf
50,134,inf,inf,inf,1052.722660533153,inf
50,135,inf,inf,inf,539.698063735641,inf
50,136,inf,inf,inf,1066.7942632016727,inf
50,137,inf,inf,inf,1013.1184530942076,inf
50,138,inf,inf,inf,1073.2912000011927,inf
50,139,inf,inf,inf,991.7988707394256,inf
50,140,inf,inf,inf,165.67739737212196,inf
50,141,inf,inf,inf,354.6632205346362,inf
50,142,inf,inf,inf,385.33102652135346,inf
50,143,inf,inf,inf,272.3765775539446,inf
50,144,inf,inf,inf,715.6318886131332,inf
50,145,inf,inf,inf,959.1881984261482,inf
50,146,inf,inf,inf,832.9855941131275,inf
50,147,inf,inf,inf,479.350602377842,inf
50,148,inf,inf,inf,651.7929118976364,inf
50,149,inf,inf,inf,915.3108761508299,inf
50,150,inf,inf,inf,111.08555261599052,inf
50,151,inf,inf,inf,594.4282967692571,inf
50,152,inf,inf,inf,685.2831531564161,inf
50,153,inf,inf,inf,975.6254404227064,inf
50,154,inf,inf,inf,845.8516418379762,inf
50,155,inf,inf,inf,908.7271317617847,inf
50,156,inf,inf,inf,359.01114188838204,inf
50,157,inf,inf,inf,621.3412910792265,inf
50,158,inf,inf,inf,421.9111280826805,inf
50,159,inf,inf,inf,549.0081966601227,inf
50,160,inf,inf,inf,320.0390601161052,inf
50,161,inf,inf,inf,422.4121210382107,inf
50,162,inf,inf,inf,577.5603864532262,inf
50,163,inf,inf,inf,373.5304539123952,inf
50,164,inf,inf,inf,895.5696511159811,inf
50,165,inf,inf,inf,580.1137819428185,inf
50,166,inf,inf,inf,520.2191845751173,inf
50,167,inf,inf,inf,1074.264864919262,inf
50,168,inf,inf,inf,753.7771553980659,inf
50,169,inf,inf,inf,1003.9526881282803,inf
50,170,inf,inf,inf,708.8476564114465,inf
51,52,inf,inf,inf,861.1765208132418,inf
51,53,inf,inf,inf,497.96586228375133,inf
51,54,inf,inf,inf,395.5767940615324,inf
51,55,inf,inf,inf,557.609182133867,inf
51,56,inf,inf,inf,863.3568207873266,inf
51,57,inf,inf,inf,625.0,inf
51,58,inf,inf,inf,412.78081350760476,inf
51,59,inf,inf,inf,791.2281592562287,inf
51,60,inf,inf,inf,561.5380663855301,inf
51,61,inf,inf,inf,556.7045895266178,inf
51,62,inf,inf,inf,783.8622327934928,inf
51,63,inf,inf,inf,304.138126514911,inf
51,64,inf,inf,inf,1043.8012262878408,inf
51,65,inf,inf,inf,804.7484078890743,inf
51,66,inf,inf,inf,590.4684580906926,inf
51,67,inf,inf,inf,397.49842766984625,inf
51,68,inf,inf,inf,847.3328743770065,inf
51,69,inf,inf,inf,499.63987030660394,inf
51,70,inf,inf,inf,527.8304652063956,inf
51,71,inf,inf,inf,606.6844319743172,inf
51,72,inf,inf,inf,1032.6049583456395,inf
51,73,inf,inf,inf,729.9486283294189,inf
51,74,inf,inf,inf,569.3452379707763,inf
51,75,inf,inf,inf,89.49301648732151,inf
51,76,inf,inf,inf,1087.872235145286,inf
51,77,inf,inf,inf,867.8277478854891,inf
51,78,inf,inf,inf,565.1840408221025,inf
51,79,inf,inf,inf,891.7847273866042,inf
51,80,inf,inf,inf,647.97607980542,inf
51,81,inf,inf,inf,1026.918205116649,inf
51,82,inf,inf,inf,230.58620947489467,inf
51,83,inf,inf,inf,650.1299870025994,inf
51,84,inf,inf,inf,754.7933492022834,inf
51,85,inf,inf,inf,784.2716366157838,inf
51,86,inf,inf,inf,303.0264014900352,inf
51,87,inf,inf,inf,575.128681253161,inf
51,88,inf,inf,inf,556.2517415703073,inf
51,89,inf,inf,inf,520.6630388264564,inf
51,90,inf,inf,inf,707.9159554636411,inf
51,91,inf,inf,inf,187.3846311734236,inf
51,92,inf,inf,inf,522.4557397521822,inf
51,93,inf,inf,inf,441.2629601496142,inf
51,94,inf,inf,inf,320.4075529696515,inf
51,95,inf,inf,inf,701.1283762621507,inf
51,96,inf,inf,inf,471.9163061391289,inf
51,97,inf,inf,inf,803.2490273881444,inf
51,98,inf,inf,inf,998.4648216136611,inf
51,99,inf,inf,inf,572.0139858430036,inf
51,100,inf,inf,inf,566.1271941887264,inf
51,101,inf,inf,inf,635.9685526816558,inf
51,102,inf,inf,inf,571.611756352159,inf
51,103,inf,inf,inf,639.0970192388633,inf
51,104,inf,inf,inf,30.083217912982647,inf
51,105,inf,inf,inf,498.84366288447524,inf
51,106,inf,inf,inf,687.6467116186916,inf
51,107,inf,inf,inf,158.68522300453813,inf
51,108,inf,inf,inf,562.406436663024,inf
51,109,inf,inf,inf,180.54362353736008,inf
51,110,inf,inf,inf,929.8994569306942,inf
51,111,inf,inf,inf,943.2311487647129,inf
51,112,inf,inf,inf,615.6955416437576,inf
51,113,inf,inf,inf,646.2236454974392,inf
51,114,inf,inf,inf,979.9719383737475,inf
51,115,inf,inf,inf,1103.3970273659431,inf
51,116,inf,inf,inf,647.2565179277842,inf
51,117,inf,inf,inf,442.6703062099377,inf
51,118,inf,inf,inf,293.62561196189955,inf
51,119,inf,inf,inf,749.6992730421979,inf
51,120,inf,inf,inf,933.4205911592052,inf
51,121,inf,inf,inf,532.0169170242616,inf
51,122,inf,inf,inf,708.6924579815986,inf
51,123,inf,inf,inf,930.129560867732,inf
51,124,inf,inf,inf,638.3799808891254,inf
51,125,inf,inf,inf,826.8034833018062,inf
51,126,inf,inf,inf,897.4057053529357,inf
51,127,inf,inf,inf,889.8640345580891,inf
51,128,inf,inf,inf,973.4320726172937,inf
51,129,inf,inf,inf,937.7696945412557,inf
51,130,inf,inf,inf,578.395193617651,inf
51,131,inf,inf,inf,1076.3642506140754,inf
51,132,inf,inf,inf,861.0238091946122,inf
51,133,inf,inf,inf,925.6441000730248,inf
51,134,inf,inf,inf,712.5798200903531,inf
51,135,inf,inf,inf,198.66806487203723,inf
51,136,inf,inf,inf,730.2362631368015,inf
51,137,inf,inf,inf,689.0602295880963,inf
51,138,inf,inf,inf,729.3894707219182,inf
51,139,inf,inf,inf,795.5941176253127,inf
51,140,inf,inf,inf,505.7212671027391,inf
51,141,inf,inf,inf,88.88756943465155,inf
51,142,inf,inf,inf,490.63734060913055,inf
51,143,inf,inf,inf,381.7643252060098,inf
51,144,inf,inf,inf,584.1438179078847,inf
51,145,inf,inf,inf,616.11443742214,inf
51,146,inf,inf,inf,773.4662242140894,inf
51,147,inf,inf,inf,391.15470085376705,inf
51,148,inf,inf,inf,300.048329440442,inf
51,149,inf,inf,inf,563.9937942921003,inf
51,150,inf,inf,inf,390.31397617815327,inf
51,151,inf,inf,inf,242.404620418011,inf
51,152,inf,inf,inf,672.1815231022049,inf
51,153,inf,inf,inf,860.2848365512436,inf
51,154,inf,inf,inf,779.3651262405831,inf
51,155,inf,inf,inf,801.6108781697014,inf
51,156,inf,inf,inf,617.2795152927075,inf
51,157,inf,inf,inf,433.4166586553867,inf
51,158,inf,inf,inf,639.9640614909559,inf
51,159,inf,inf,inf,371.43640101637857,inf
51,160,inf,inf,inf,542.3098745182499,inf
51,161,inf,inf,inf,186.21761463406193,inf
51,162,inf,inf,inf,358.8328301591146,inf
51,163,inf,inf,inf,310.64449134018133,inf
51,164,inf,inf,inf,584.27733141035,inf
51,165,inf,inf,inf,229.42754847663784,inf
51,166,inf,inf,inf,322.0139748520241,inf
51,167,inf,inf,inf,725.5687424358907,inf
51,168,inf,inf,inf,716.3413990549478,inf
51,169,inf,inf,inf,655.2755145738317,inf
51,170,inf,inf,inf,481.00935541837435,inf
52,53,inf,inf,inf,370.87059737865445,inf
52,54,inf,inf,inf,1255.3987414363614,inf
52,55,inf,inf,inf,1289.9275173435133,inf
52,56,inf,inf,inf,459.35824799387245,inf
52,57,inf,inf,inf,239.26972228010797,inf
52,58,inf,inf,inf,1123.6249374235158,inf
52,59,inf,inf,inf,1185.8233426611234,inf
52,60,inf,inf,inf,428.06541556168725,inf
52,61,inf,inf,inf,348.919761549844,inf
52,62,inf,inf,inf,126.03570922560003,inf
52,63,inf,inf,inf,1162.034853177821,inf
52,64,inf,inf,inf,224.4014260204244,inf
52,65,inf,inf,inf,1132.3360808523237,inf
52,66,inf,inf,inf,1202.9580208801967,inf
52,67,inf,inf,inf,597.938123889086,inf
52,68,inf,inf,inf,752.4745842883997,inf
52,69,inf,inf,inf,402.20019890596774,inf
52,70,inf,inf,inf,423.6153915995027,inf
52,71,inf,inf,inf,382.12694225872116,inf
52,72,inf,inf,inf,906.1887220662151,inf
52,73,inf,inf,inf,387.1046370169182,inf
52,74,inf,inf,inf,947.2533979880991,inf
52,75,inf,inf,inf,842.0950065164857,inf
52,76,inf,inf,inf,573.917241420747,inf
52,77,inf,inf,inf,460.48887065813,inf
52,78,inf,inf,inf,356.90054637111444,inf
52,79,inf,inf,inf,1057.1210905095027,inf
52,80,inf,inf,inf,248.16929705344293,inf
52,81,inf,inf,inf,817.8178281255551,inf
52,82,inf,inf,inf,763.1153254915013,inf
52,83,inf,inf,inf,217.86234185833953,inf
52,84,inf,inf,inf,1135.6355049046326,inf
52,85,inf,inf,inf,628.265071446758,inf
52,86,inf,inf,inf,702.6023057178221,inf
52,87,inf,inf,inf,327.1360573217205,inf
52,88,inf,inf,inf,1007.4229499073366,inf
52,89,inf,inf,inf,657.8639677015302,inf
52,90,inf,inf,inf,643.9332263519254,inf
52,91,inf,inf,inf,817.5989236783522,inf
52,92,inf,inf,inf,888.608462710096,inf
52,93,inf,inf,inf,732.7127677337144,inf
52,94,inf,inf,inf,551.1769225938256,inf
52,95,inf,inf,inf,529.4298820429387,inf
52,96,inf,inf,inf,1197.3637709568468,inf
52,97,inf,inf,inf,1193.6096514355102,inf
52,98,inf,inf,inf,965.1512834783986,inf
52,99,inf,inf,inf,292.138665705175,inf
52,100,inf,inf,inf,673.145600891813,inf
52,101,inf,inf,inf,1135.4034525224943,inf
52,102,inf,inf,inf,346.07080200444534,inf
52,103,inf,inf,inf,461.17241894978935,inf
52,104,inf,inf,inf,832.6944217418536,inf
52,105,inf,inf,inf,834.5178248545683,inf
52,106,inf,inf,inf,1273.8810776520704,inf
52,107,inf,inf,inf,727.1010933838568,inf
52,108,inf,inf,inf,438.70947106257006,inf
52,109,inf,inf,inf,737.3472723215297,inf
52,110,inf,inf,inf,601.770720457551,inf
52,111,inf,inf,inf,1042.6216955348666,inf
52,112,inf,inf,inf,915.3502062052535,inf
52,113,inf,inf,inf,215.82400237230334,inf
52,114,inf,inf,inf,987.1676655968832,inf
52,115,inf,inf,inf,366.87872655688284,inf
52,116,inf,inf,inf,1145.2056583863005,inf
52,117,inf,inf,inf,574.8669411263793,inf
52,118,inf,inf,inf,577.2183295772926,inf
52,119,inf,inf,inf,129.28263611173776,inf
52,120,inf,inf,inf,621.1191512101361,inf
52,121,inf,inf,inf,509.31031797912755,inf
52,122,inf,inf,inf,378.89312477267254,inf
52,123,inf,inf,inf,1057.9158756725415,inf
52,124,inf,inf,inf,244.77336456403913,inf
52,125,inf,inf,inf,792.5080441232127,inf
52,126,inf,inf,inf,1113.5043780785059,inf
52,127,inf,inf,inf,1112.6153872745065,inf
52,128,inf,inf,inf,302.33259830855155,inf
52,129,inf,inf,inf,965.2445286040216,inf
52,130,inf,inf,inf,382.4604554721965,inf
52,131,inf,inf,inf,713.1795005466716,inf
52,132,inf,inf,inf,1155.1004285342465,inf
52,133,inf,inf,inf,239.92082027202224,inf
52,134,inf,inf,inf,835.4310264767523,inf
52,135,inf,inf,inf,773.2231243308752,inf
52,136,inf,inf,inf,813.2711724879962,inf
52,137,inf,inf,inf,1271.3728800001988,inf
52,138,inf,inf,inf,1190.1907410159097,inf
52,139,inf,inf,inf,231.39792566053828,inf
52,140,inf,inf,inf,999.1841672084281,inf
52,141,inf,inf,inf,775.232868240247,inf
52,142,inf,inf,inf,639.0148668067121,inf
52,143,inf,inf,inf,1184.993248925917,inf
52,144,inf,inf,inf,278.044960393099,inf
52,145,inf,inf,inf,1124.3673776840023,inf
52,146,inf,inf,inf,185.0,inf
52,147,inf,inf,inf,1252.2527700109113,inf
52,148,inf,inf,inf,851.6536854848924,inf
52,149,inf,inf,inf,997.4337070702995,inf
52,150,inf,inf,inf,896.6158597749652,inf
52,151,inf,inf,inf,861.7917381827236,inf
52,152,inf,inf,inf,340.2837051637942,inf
52,153,2.0,3.8284000000000002,3.82842712474619,2.23606797749979,1.7121246595673094
52,154,inf,inf,inf,166.20770138594662,inf
52,155,inf,inf,inf,69.31810730249349,inf
52,156,inf,inf,inf,855.0842063796991,inf
52,157,inf,inf,inf,1272.3305388145016,inf
52,158,inf,inf,inf,780.6465269249585,inf
52,159,inf,inf,inf,489.74483151943525,inf
52,160,inf,inf,inf,793.4261150226907,inf
52,161,inf,inf,inf,674.9607395989784,inf
52,162,inf,inf,inf,511.9726555198041,inf
52,163,inf,inf,inf,612.8825336065631,inf
52,164,inf,inf,inf,624.423734334306,inf
52,165,inf,inf,inf,889.2648649305785,inf
52,166,inf,inf,inf,539.636914971539,inf
52,167,inf,inf,inf,938.1284560229478,inf
52,168,inf,inf,inf,265.9323222175146,inf
52,169,inf,inf,inf,1094.2033631825484,inf
52,170,inf,inf,inf,1287.612131039468,inf
53,54,inf,inf,inf,888.4734098440988,inf
53,55,inf,inf,inf,927.9709047163063,inf
53,56,inf,inf,inf,458.1320770258289,inf
53,57,inf,inf,inf,131.70041761513136,inf
53,58,inf,inf,inf,812.774261403497,inf
53,59,inf,inf,inf,897.8218086012391,inf
53,60,inf,inf,inf,298.0151002885592,inf
53,61,inf,inf,inf,198.11612756158948,inf
53,62,inf,inf,inf,285.9265639985204,inf
53,63,inf,inf,inf,801.8042155040094,inf
53,64,inf,inf,inf,546.0888206143759,inf
53,65,inf,inf,inf,861.8224875228077,inf
53,66,inf,inf,inf,859.4469151727756,inf
53,67,inf,inf,inf,258.69866640553056,inf
53,68,inf,inf,inf,613.560917920951,inf
53,69,inf,inf,inf,190.3943276465977,inf
53,70,inf,inf,inf,257.77703543954414,inf
53,71,inf,inf,inf,189.08199279677586,inf
53,72,inf,inf,inf,805.9832504463104,inf
53,73,inf,inf,inf,414.6383966783588,inf
53,74,inf,inf,inf,641.4639506628569,inf
53,75,inf,inf,inf,472.09850666995334,inf
53,76,inf,inf,inf,670.7190171748524,inf
53,77,inf,inf,inf,462.0876540224809,inf
53,78,inf,inf,inf,221.93918085818015,inf
53,79,inf,inf,inf,839.4343333459741,inf
53,80,inf,inf,inf,220.22942582679545,inf
53,81,inf,inf,inf,751.5510628027879,inf
53,82,inf,inf,inf,448.6423965699185,inf
53,83,inf,inf,inf,154.05518491761322,inf
53,84,inf,inf,inf,848.120864028235,inf
53,85,inf,inf,inf,610.8387675974733,inf
53,86,inf,inf,inf,413.26141847503743,inf
53,87,inf,inf,inf,197.12178976460214,inf
53,88,inf,inf,inf,687.9956395210655,inf
53,89,inf,inf,inf,375.10531854400574,inf
53,90,inf,inf,inf,576.6810210159513,inf
53,91,inf,inf,inf,448.09485602939026,inf
53,92,inf,inf,inf,670.2969491203133,inf
53,93,inf,inf,inf,505.9140243163852,inf
53,94,inf,inf,inf,217.97476918212345,inf
53,95,inf,inf,inf,491.1099673189295,inf
53,96,inf,inf,inf,834.5208205910743,inf
53,97,inf,inf,inf,907.4761704860354,inf
53,98,inf,inf,inf,825.1751329263383,inf
53,99,inf,inf,inf,79.71198153351854,inf
53,100,inf,inf,inf,518.6231772684287,inf
53,101,inf,inf,inf,814.1363522162611,inf
53,102,inf,inf,inf,111.22050170719426,inf
53,103,inf,inf,inf,395.06581730137066,inf
53,104,inf,inf,inf,470.87684164757985,inf
53,105,inf,inf,inf,617.4665982869033,inf
53,106,inf,inf,inf,939.0825309843646,inf
53,107,inf,inf,inf,381.08398024582453,inf
53,108,inf,inf,inf,195.82900704441107,inf
53,109,inf,inf,inf,366.52148640973286,inf
53,110,inf,inf,inf,575.570152110062,inf
53,111,inf,inf,inf,850.779054749234,inf
53,112,inf,inf,inf,630.0896761572911,inf
53,113,inf,inf,inf,156.54072952429985,inf
53,114,inf,inf,inf,830.5064719795987,inf
53,115,inf,inf,inf,618.2337745545774,inf
53,116,inf,inf,inf,824.9830301284991,inf
53,117,inf,inf,inf,254.33245958783948,inf
53,118,inf,inf,inf,207.54276667713572,inf
53,119,inf,inf,inf,278.7059382216317,inf
53,120,inf,inf,inf,587.9387723224247,inf
53,121,inf,inf,inf,241.01452238402564,inf
53,122,inf,inf,inf,288.46663585239804,inf
53,123,inf,inf,inf,855.6547200828147,inf
53,124,inf,inf,inf,199.25109786397664,inf
53,125,inf,inf,inf,629.0007949120574,inf
53,126,inf,inf,inf,881.3472641359931,inf
53,127,inf,inf,inf,877.8519237320153,inf
53,128,inf,inf,inf,557.9175566335944,inf
53,129,inf,inf,inf,796.7647080537641,inf
53,130,inf,inf,inf,157.20368952413298,inf
53,131,inf,inf,inf,725.3812790526097,inf
53,132,inf,inf,inf,897.9732735443745,inf
53,133,inf,inf,inf,496.6699105039483,inf
53,134,inf,inf,inf,605.375916270213,inf
53,135,inf,inf,inf,403.83783874223576,inf
53,136,inf,inf,inf,596.8525781128872,inf
53,137,inf,inf,inf,937.3718579091225,inf
53,138,inf,inf,inf,882.9343123924905,inf
53,139,inf,inf,inf,313.04951684997053,inf
53,140,inf,inf,inf,749.5812164135385,inf
53,141,inf,inf,inf,415.92427195344106,inf
53,142,inf,inf,inf,447.16104481495256,inf
53,143,inf,inf,inf,847.0430921741821,inf
53,144,inf,inf,inf,117.41379816699569,inf
53,145,inf,inf,inf,800.1206159073768,inf
53,146,inf,inf,inf,337.16464820618427,inf
53,147,inf,inf,inf,888.2251966703038,inf
53,148,inf,inf,inf,493.4379393601591,inf
53,149,inf,inf,inf,681.7191503837926,inf
53,150,inf,inf,inf,626.5979572261626,inf
53,151,inf,inf,inf,496.2358310319802,inf
53,152,inf,inf,inf,329.70592957967864,inf
53,153,inf,inf,inf,370.3079799302197,inf
53,154,inf,inf,inf,334.52653108535355,inf
53,155,inf,inf,inf,319.4526568992658,inf
53,156,inf,inf,inf,685.1685923916829,inf
53,157,inf,inf,inf,901.5985803005682,inf
53,158,inf,inf,inf,640.1249877953524,inf
53,159,inf,inf,inf,135.19245541079576,inf
53,160,inf,inf,inf,603.5975480400828,inf
53,161,inf,inf,inf,313.56179614232343,inf
53,162,inf,inf,inf,141.69333082400175,inf
53,163,inf,inf,inf,310.75713990188547,inf
53,164,inf,inf,inf,378.1137395017536,inf
53,165,inf,inf,inf,522.0086206184722,inf
53,166,inf,inf,inf,178.27226368675525,inf
53,167,inf,inf,inf,687.7586786075476,inf
53,168,inf,inf,inf,322.28093334853054,inf
53,169,inf,inf,inf,786.0407114138554,inf
53,170,inf,inf,inf,917.605579756357,inf
54,55,inf,inf,inf,392.4601890638081,inf
54,56,inf,inf,inf,1204.181049510413,inf
54,57,inf,inf,inf,1017.7701115674404,inf
54,58,inf,inf,inf,441.61634933503086,inf
54,59,inf,inf,inf,838.1294649396357,inf
54,60,inf,inf,inf,943.4797295119805,inf
54,61,inf,inf,inf,949.7920825106935,inf
54,62,inf,inf,inf,1173.0153451681695,inf
54,63,inf,inf,inf,130.9083648969767,inf
54,64,inf,inf,inf,1431.2938202898802,inf
54,65,inf,inf,inf,888.6332201757933,inf
54,66,inf,inf,inf,546.239874048023,inf
54,67,inf,inf,inf,736.9396176078471,inf
54,68,inf,inf,inf,1108.9905319704042,inf
54,69,inf,inf,inf,892.0476444674914,inf
54,70,inf,inf,inf,913.9037148409016,inf
54,71,inf,inf,inf,972.8663834258022,inf
54,72,inf,inf,inf,1267.2363631146322,inf
54,73,inf,inf,inf,1108.6370010061905,inf
54,74,inf,inf,inf,716.4837751128772,inf
54,75,inf,inf,inf,419.74516078211076,inf
54,76,inf,inf,inf,1422.7568309447684,inf
54,77,inf,inf,inf,1208.5859506050863,inf
54,78,inf,inf,inf,956.7026706349261,inf
54,79,inf,inf,inf,1037.1581364478611,inf
54,80,inf,inf,inf,1042.9467867537635,inf
54,81,inf,inf,inf,1289.888367262842,inf
54,82,inf,inf,inf,567.5711409153922,inf
54,83,inf,inf,inf,1042.060458898619,inf
54,84,inf,inf,inf,822.4949847871414,inf
54,85,inf,inf,inf,1120.1432944047829,inf
54,86,inf,inf,inf,649.4428381312708,inf
54,87,inf,inf,inf,968.8446727933224,inf
54,88,inf,inf,inf,662.206161251917,inf
54,89,inf,inf,inf,813.1820214441536,inf
54,90,inf,inf,inf,1037.8593353629383,inf
54,91,inf,inf,inf,476.589970519733,inf
54,92,inf,inf,inf,756.4449748659846,inf
54,93,inf,inf,inf,750.6117505075443,inf
54,94,inf,inf,inf,715.0398590288517,inf
54,95,inf,inf,inf,1057.166968836995,inf
54,96,inf,inf,inf,366.3905020603018,inf
54,97,inf,inf,inf,849.0995230242448,inf
54,98,inf,inf,inf,1205.2555745566997,inf
54,99,inf,inf,inf,964.6268708676946,inf
54,100,inf,inf,inf,888.9550044856039,inf
54,101,inf,inf,inf,667.6503575974479,inf
54,102,inf,inf,inf,951.1556129256663,inf
54,103,inf,inf,inf,1009.8603863901188,inf
54,104,inf,inf,inf,424.9729403150276,inf
54,105,inf,inf,inf,759.432682994352,inf
54,106,inf,inf,inf,625.9017494783027,inf
54,107,inf,inf,inf,544.6558546458489,inf
54,108,inf,inf,inf,921.0819724649918,inf
54,109,inf,inf,inf,533.7387001145786,inf
54,110,inf,inf,inf,1242.4242431633406,inf
54,111,inf,inf,inf,1106.6752007703074,inf
54,112,inf,inf,inf,786.1119513148238,inf
54,113,inf,inf,inf,1039.8547975558895,inf
54,114,inf,inf,inf,1174.5135163121793,inf
54,115,inf,inf,inf,1477.6582825538521,inf
54,116,inf,inf,inf,675.1251735789446,inf
54,117,inf,inf,inf,780.237143437814,inf
54,118,inf,inf,inf,681.1438908189664,inf
54,119,inf,inf,inf,1145.2318542548492,inf
54,120,inf,inf,inf,1241.3625578371534,inf
54,121,inf,inf,inf,875.3176566252962,inf
54,122,inf,inf,inf,1066.4867556608474,inf
54,123,inf,inf,inf,1083.7435120913067,inf
54,124,inf,inf,inf,1033.791081408618,inf
54,125,inf,inf,inf,1072.5301860553857,inf
54,126,inf,inf,inf,1016.2214325628051,inf
54,127,inf,inf,inf,1007.2105043137706,inf
54,128,inf,inf,inf,1362.9427720927977,inf
54,129,inf,inf,inf,1133.1288541026568,inf
54,130,inf,inf,inf,948.4945967162913,inf
54,131,inf,inf,inf,1376.5496721876766,inf
54,132,inf,inf,inf,947.7156746619737,inf
54,133,inf,inf,inf,1317.6949571126088,inf
54,134,inf,inf,inf,930.6003438641101,inf
54,135,inf,inf,inf,516.1782637810313,inf
54,136,inf,inf,inf,959.0432732676874,inf
54,137,inf,inf,inf,630.2769232646868,inf
54,138,inf,inf,inf,752.2898377620157,inf
54,139,inf,inf,inf,1173.2625452131335,inf
54,140,inf,inf,inf,672.1019267938458,inf
54,141,inf,inf,inf,483.70652259402084,inf
54,142,inf,inf,inf,829.454037304057,inf
54,143,inf,inf,inf,290.93126335957777,inf
54,144,inf,inf,inf,979.1981413381053,inf
54,145,inf,inf,inf,650.0123075757874,inf
54,146,inf,inf,inf,1167.7366997743968,inf
54,147,inf,inf,inf,49.0,inf
54,148,inf,inf,inf,521.463325651958,inf
54,149,inf,inf,inf,678.0589944835184,inf
54,150,inf,inf,inf,616.8711372726074,inf
54,151,inf,inf,inf,471.8612084077266,inf
54,152,inf,inf,inf,1058.420048940873,inf
54,153,inf,inf,inf,1254.5712415004577,inf
54,154,inf,inf,inf,1174.1673645609471,inf
54,155,inf,inf,inf,1196.7526895729125,inf
54,156,inf,inf,inf,872.7937900787333,inf
54,157,inf,inf,inf,127.0,inf
54,158,inf,inf,inf,926.1020462130509,inf
54,159,inf,inf,inf,765.9817230195509,inf
54,160,inf,inf,inf,821.4627197870881,inf
54,161,inf,inf,inf,581.1110048863297,inf
54,162,inf,inf,inf,747.1505872312489,inf
54,163,inf,inf,inf,690.4353698935187,inf
54,164,inf,inf,inf,883.8489689986633,inf
54,165,inf,inf,inf,438.84621452167045,inf
54,166,inf,inf,inf,715.7778985132189,inf
54,167,inf,inf,inf,897.6597350889701,inf
54,168,inf,inf,inf,1107.563993636485,inf
54,169,inf,inf,inf,722.5821752575965,inf
54,170,inf,inf,inf,231.1384866265244,inf
55,56,inf,inf,inf,1095.8836617086688,inf
55,57,inf,inf,inf,1056.670715029048,inf
55,58,inf,inf,inf,803.5645587007929,inf
55,59,inf,inf,inf,490.7647094076753,inf
55,60,inf,inf,inf,1092.474713666179,inf
55,61,inf,inf,inf,1058.7917642293974,inf
55,62,inf,inf,inf,1181.6226131891688,inf
55,63,inf,inf,inf,484.92886076207094,inf
55,64,inf,inf,inf,1418.1907488063798,inf
55,65,inf,inf,inf,559.1028527918634,inf
55,66,inf,inf,inf,192.20041623263984,inf
55,67,inf,inf,inf,695.3883806909632,inf
55,68,inf,inf,inf,906.0137968044417,inf
55,69,inf,inf,inf,1008.4007140021272,inf
55,70,inf,inf,inf,1052.97530835248,inf
55,71,inf,inf,inf,935.1245906295054,inf
55,72,inf,inf,inf,1022.2529041289147,inf
55,73,inf,inf,inf,1260.1400715793463,inf
55,74,inf,inf,inf,471.30669420240577,inf
55,75,inf,inf,inf,511.2426038584813,inf
55,76,inf,inf,inf,1289.0686560459067,inf
55,77,inf,inf,inf,1099.8022549531347,inf
55,78,inf,inf,inf,1073.648452706937,inf
55,79,inf,inf,inf,735.673840774565,inf
55,80,inf,inf,inf,1130.741791922453,inf
55,81,inf,inf,inf,1072.190747954859,inf
55,82,inf,inf,inf,786.909143421272,inf
55,83,inf,inf,inf,1074.0339845647343,inf
55,84,inf,inf,inf,490.38862140143505,inf
55,85,inf,inf,inf,1340.1678999289604,inf
55,86,inf,inf,inf,860.6003718335242,inf
55,87,inf,inf,inf,1072.5954502980142,inf
55,88,inf,inf,inf,396.43410549547826,inf
55,89,inf,inf,inf,692.4463878164142,inf
55,90,inf,inf,inf,1265.025296189764,inf
55,91,inf,inf,inf,488.71361757168177,inf
55,92,inf,inf,inf,1054.369954048388,inf
55,93,inf,inf,inf,996.5746334319372,inf
55,94,inf,inf,inf,831.8683790119685,inf
55,95,inf,inf,inf,1251.276548169908,inf
55,96,inf,inf,inf,93.81364506296512,inf
55,97,inf,inf,inf,499.9289949582841,inf
55,98,inf,inf,inf,939.244377145799,inf
55,99,inf,inf,inf,1007.150435635114,inf
55,100,inf,inf,inf,1123.7028076853774,inf
55,101,inf,inf,inf,337.81651824622196,inf
55,102,inf,inf,inf,947.1409609978865,inf
55,103,inf,inf,inf,1180.6290696065382,inf
55,104,inf,inf,inf,583.3360952315569,inf
55,105,inf,inf,inf,1041.205551272178,inf
55,106,inf,inf,inf,245.60537453402765,inf
55,107,inf,inf,inf,707.9865817937513,inf
55,108,inf,inf,inf,875.6100730347955,inf
55,109,inf,inf,inf,578.22141087995,inf
55,110,inf,inf,inf,1088.5113687968537,inf
55,111,inf,inf,inf,812.7514995372202,inf
55,112,inf,inf,inf,544.2655601817921,inf
55,113,inf,inf,inf,1082.9168943183035,inf
55,114,inf,inf,inf,900.3160556160265,inf
55,115,inf,inf,inf,1419.4579951516705,inf
55,116,inf,inf,inf,340.72422866594036,inf
55,117,inf,inf,inf,725.8133368849046,inf
55,118,inf,inf,inf,740.5997569537814,inf
55,119,inf,inf,inf,1206.6188296226776,inf
55,120,inf,inf,inf,1081.3482325319628,inf
55,121,inf,inf,inf,811.000616522577,inf
55,122,inf,inf,inf,1001.4095066455081,inf
55,123,inf,inf,inf,784.222544944992,inf
55,124,inf,inf,inf,1114.5873675939451,inf
55,125,inf,inf,inf,856.6469517835221,inf
55,126,inf,inf,inf,697.4073415157027,inf
55,127,inf,inf,inf,688.2049113454509,inf
55,128,inf,inf,inf,1473.3397435757986,inf
55,129,inf,inf,inf,863.1685814486067,inf
55,130,inf,inf,inf,922.108995726644,inf
55,131,inf,inf,inf,1196.4012704774264,inf
55,132,inf,inf,inf,613.8224498989915,inf
55,133,inf,inf,inf,1416.7543894408798,inf
55,134,inf,inf,inf,706.0212461392363,inf
55,135,inf,inf,inf,530.664677550711,inf
55,136,inf,inf,inf,740.7705447707813,inf
55,137,inf,inf,inf,250.79872407968904,inf
55,138,inf,inf,inf,400.96009776535124,inf
55,139,inf,inf,inf,1143.0704265267298,inf
55,140,inf,inf,inf,1000.6168097728521,inf
55,141,inf,inf,inf,631.320045618702,inf
55,142,inf,inf,inf,1047.826798664741,inf
55,143,inf,inf,inf,668.2993341310464,inf
55,144,inf,inf,inf,1040.8650248711406,inf
55,145,inf,inf,inf,326.3694225873496,inf
55,146,inf,inf,inf,1256.7585289147632,inf
55,147,inf,inf,inf,440.9648512069868,inf
55,148,inf,inf,inf,438.4575235983527,inf
55,149,inf,inf,inf,414.42128323723915,inf
55,150,inf,inf,inf,912.7239451225107,inf
55,151,inf,inf,inf,432.416465921454,inf
55,152,inf,inf,inf,1190.8870643348175,inf
55,153,inf,inf,inf,1289.769746892832,inf
55,154,inf,inf,inf,1257.3408447990544,inf
55,155,inf,inf,inf,1245.5825946118548,inf
55,156,inf,inf,inf,1160.5731342746135,inf
55,157,inf,inf,inf,267.58550035455954,inf
55,158,inf,inf,inf,1192.9501246908858,inf
55,159,inf,inf,inf,843.4245668700906,inf
55,160,inf,inf,inf,1092.0018315002956,inf
55,161,inf,inf,inf,690.7770986360216,inf
55,162,inf,inf,inf,797.341206761572,inf
55,163,inf,inf,inf,855.796704831235,inf
55,164,inf,inf,inf,757.3981779750992,inf
55,165,inf,inf,inf,409.48382141422877,inf
55,166,inf,inf,inf,794.4287255632188,inf
55,167,inf,inf,inf,635.6807374775485,inf
55,168,inf,inf,inf,1218.72433306306,inf
55,169,inf,inf,inf,407.49233121618374,inf
55,170,inf,inf,inf,165.07574019219177,inf
56,57,inf,inf,inf,426.91919610155736,inf
56,58,inf,inf,inf,1239.2453348711867,inf
56,59,inf,inf,inf,838.6328159570194,inf
56,60,inf,inf,inf,722.9121661723505,inf
56,61,inf,inf,inf,613.1761573968772,inf
56,62,inf,inf,inf,350.5153348999156,inf
56,63,inf,inf,inf,1152.312891535975,inf
56,64,inf,inf,inf,419.46871158645433,inf
56,65,inf,inf,inf,767.8001041937933,inf
56,66,inf,inf,inf,954.3385143647929,inf
56,67,inf,inf,inf,470.9352397092407,inf
56,68,inf,inf,inf,317.40195336512977,inf
56,69,inf,inf,inf,631.9533210609784,inf
56,70,inf,inf,inf,691.8786020683108,inf
56,71,inf,inf,inf,276.52305509667724,inf
56,72,inf,inf,inf,448.4328266307006,inf
56,73,inf,inf,inf,774.6483072982217,inf
56,74,inf,inf,inf,653.6795851179689,inf
56,75,inf,inf,inf,801.2402885526913,inf
56,76,inf,inf,inf,224.8399430706208,inf
56,77,inf,inf,inf,4.47213595499958,inf
56,78,inf,inf,inf,635.1094393882049,inf
56,79,inf,inf,inf,647.4758682761852,inf
56,80,inf,inf,inf,562.4677768548169,inf
56,81,inf,inf,inf,358.5080194361069,inf
56,82,inf,inf,inf,887.9893017373577,inf
56,83,inf,inf,inf,407.0012284993744,inf
56,84,inf,inf,inf,792.0366153152264,inf
56,85,inf,inf,inf,1010.4677134871752,inf
56,86,inf,inf,inf,865.3438622882813,inf
56,87,inf,inf,inf,599.9533315183774,inf
56,88,inf,inf,inf,728.6075761340943,inf
56,89,inf,inf,inf,406.76897620147975,inf
56,90,inf,inf,inf,997.3986164016873,inf
56,91,inf,inf,inf,728.589047406012,inf
56,92,inf,inf,inf,1128.4223500090734,inf
56,93,inf,inf,inf,963.9927385618628,inf
56,94,inf,inf,inf,663.6520172500043,inf
56,95,inf,inf,inf,893.9004418837704,inf
56,96,inf,inf,inf,1015.0123151962246,inf
56,97,inf,inf,inf,843.35638967165,inf
56,98,inf,inf,inf,516.0474784358508,inf
56,99,inf,inf,inf,443.2617736733002,inf
56,100,inf,inf,inf,966.4289937703649,inf
56,101,inf,inf,inf,844.9076872653012,inf
56,102,inf,inf,inf,347.02305398921266,inf
56,103,inf,inf,inf,802.781414832207,inf
56,104,inf,inf,inf,844.0675328431961,inf
56,105,inf,inf,inf,1075.5696165288418,inf
56,106,inf,inf,inf,998.5814939202509,inf
56,107,inf,inf,inf,796.7195240484571,inf
56,108,inf,inf,inf,305.26709616334347,inf
56,109,inf,inf,inf,687.1892024762903,inf
56,110,inf,inf,inf,143.42245291445826,inf
56,111,inf,inf,inf,615.5404129705863,inf
56,112,inf,inf,inf,595.8389044028595,inf
56,113,inf,inf,inf,436.95537529592195,inf
56,114,inf,inf,inf,543.9430117208971,inf
56,115,inf,inf,inf,345.71953951143695,inf
56,116,inf,inf,inf,851.803968058379,inf
56,117,inf,inf,inf,426.1854056628406,inf
56,118,inf,inf,inf,593.2056978822776,inf
56,119,inf,inf,inf,504.3966692990746,inf
56,120,inf,inf,inf,162.2374802565671,inf
56,121,inf,inf,inf,332.62741919450957,inf
56,122,inf,inf,inf,170.41713528867922,inf
56,123,inf,inf,inf,636.7982412036013,inf
56,124,inf,inf,inf,541.3612472277638,inf
56,125,inf,inf,inf,368.45759593201495,inf
56,126,inf,inf,inf,711.8609414766341,inf
56,127,inf,inf,inf,713.3000771064027,inf
56,128,inf,inf,inf,761.520190146,inf
56,129,inf,inf,inf,529.0037807048263,inf
56,130,inf,inf,inf,309.82898508693467,inf
56,131,inf,inf,inf,276.14670014323906,inf
56,132,inf,inf,inf,774.1014145446319,inf
56,133,inf,inf,inf,698.0458437667257,inf
56,134,inf,inf,inf,462.95248136282845,inf
56,135,inf,inf,inf,691.713813654173,inf
56,136,inf,inf,inf,430.89673937035076,inf
56,137,inf,inf,inf,994.513448878395,inf
56,138,inf,inf,inf,870.5400622602041,inf
56,139,inf,inf,inf,233.42022191746798,inf
56,140,inf,inf,inf,1204.3176491275049,inf
56,141,inf,inf,inf,802.8598881498565,inf
56,142,inf,inf,inf,900.8673598260734,inf
56,143,inf,inf,inf,1242.9806917245337,inf
56,144,inf,inf,inf,488.75044757012756,inf
56,145,inf,inf,inf,840.6521278150672,inf
56,146,inf,inf,inf,597.1641315417395,inf
56,147,inf,inf,inf,1219.0836722719241,inf
56,148,inf,inf,inf,695.4077940316746,inf
56,149,inf,inf,inf,713.2685328822519,inf
56,150,inf,inf,inf,1078.522137000442,inf
56,151,inf,inf,inf,735.9653524453444,inf
56,152,inf,inf,inf,698.5162847063767,inf
56,153,inf,inf,inf,461.1041097192694,inf
56,154,inf,inf,inf,581.0137692000079,inf
56,155,inf,inf,inf,481.27435003332556,inf
56,156,inf,inf,inf,1139.5073496910848,inf
56,157,inf,inf,inf,1174.225276512135,inf
56,158,inf,inf,inf,1087.664010620927,inf
56,159,inf,inf,inf,575.9756939316103,inf
56,160,inf,inf,inf,1059.7287388761333,inf
56,161,inf,inf,inf,709.5759296932217,inf
56,162,inf,inf,inf,542.7061820174891,inf
56,163,inf,inf,inf,763.2070492336926,inf
56,164,inf,inf,inf,339.00589965367857,inf
56,165,inf,inf,inf,769.1722823919229,inf
56,166,inf,inf,inf,600.1083235550062,inf
56,167,inf,inf,inf,571.4306607104662,inf
56,168,inf,inf,inf,646.8771135231173,inf
56,169,inf,inf,inf,785.1987009668317,inf
56,170,inf,inf,inf,1151.5576407631534,inf
57,58,inf,inf,inf,915.7035546507395,inf
57,59,inf,inf,inf,996.4522065809279,inf
57,60,inf,inf,inf,297.40544715926103,inf
57,61,inf,inf,inf,188.53381659532593,inf
57,62,inf,inf,inf,166.02710622064097,inf
57,63,inf,inf,inf,927.6987657639736,inf
57,64,inf,inf,inf,424.43609648567826,inf
57,65,inf,inf,inf,953.0188875358137,inf
57,66,inf,inf,inf,980.7028092138821,inf
57,67,inf,inf,inf,374.0053475553525,inf
57,68,inf,inf,inf,646.024767327074,inf
57,69,inf,inf,inf,218.55205329623422,inf
57,70,inf,inf,inf,270.1481075262235,inf
57,71,inf,inf,inf,211.9929244102265,inf
57,72,inf,inf,inf,828.0386464410946,inf
57,73,inf,inf,inf,360.1388621073821,inf
57,74,inf,inf,inf,745.6735210532825,inf
57,75,inf,inf,inf,603.0207293286028,inf
57,76,inf,inf,inf,616.7179257975238,inf
57,77,inf,inf,inf,430.11626335213134,inf
57,78,inf,inf,inf,209.30360723121808,inf
57,79,inf,inf,inf,908.793155784087,inf
57,80,inf,inf,inf,143.17122615944868,inf
57,81,inf,inf,inf,759.2338243255499,inf
57,82,inf,inf,inf,550.0409075696098,inf
57,83,inf,inf,inf,28.178005607210743,inf
57,84,inf,inf,inf,946.2230181093673,inf
57,85,inf,inf,inf,586.9045919057032,inf
57,86,inf,inf,inf,501.1985634456667,inf
57,87,inf,inf,inf,173.63179432350518,inf
57,88,inf,inf,inf,798.4616459166965,inf
57,89,inf,inf,inf,464.182076345048,inf
57,90,inf,inf,inf,570.5436004373373,inf
57,91,inf,inf,inf,579.4290293038484,inf
57,92,inf,inf,inf,730.4690274063645,inf
57,93,inf,inf,inf,565.9840987165629,inf
57,94,inf,inf,inf,325.24759799266775,inf
57,95,inf,inf,inf,468.72806615350015,inf
57,96,inf,inf,inf,963.4988323812333,inf
57,97,inf,inf,inf,1005.4024069993069,inf
57,98,inf,inf,inf,863.1668436634948,inf
57,99,inf,inf,inf,53.150729063673246,inf
57,100,inf,inf,inf,546.465918424928,inf
57,101,inf,inf,inf,926.0566937288451,inf
57,102,inf,inf,inf,140.9432509913121,inf
57,103,inf,inf,inf,376.25789028271555,inf
57,104,inf,inf,inf,597.1013314337861,inf
57,105,inf,inf,inf,675.9955621156104,inf
57,106,inf,inf,inf,1056.9924313825525,inf
57,107,inf,inf,inf,498.30312060030286,inf
57,108,inf,inf,inf,251.3483638299641,inf
57,109,inf,inf,inf,498.21782384816385,inf
57,110,inf,inf,inf,561.5496416168387,inf
57,111,inf,inf,inf,909.8406453879712,inf
57,112,inf,inf,inf,725.2282399355391,inf
57,113,1.0,28.6274,28.62741699796953,27.018512172212592,1.0595482392036237
57,114,inf,inf,inf,875.1971206533989,inf
57,115,inf,inf,inf,515.3736508592576,inf
57,116,inf,inf,inf,936.518019047151,inf
57,117,inf,inf,inf,359.2798352259698,inf
57,118,inf,inf,inf,338.14346067904376,inf
57,119,inf,inf,inf,154.67385040788247,inf
57,120,inf,inf,inf,577.1906097642268,inf
57,121,inf,inf,inf,316.09650425147066,inf
57,122,inf,inf,inf,274.5359721420856,inf
57,123,inf,inf,inf,918.9755165400219,inf
57,124,inf,inf,inf,120.01666550941998,inf
57,125,inf,inf,inf,672.1078782457471,inf
57,126,inf,inf,inf,957.0590368415106,inf
57,127,inf,inf,inf,954.5852502526948,inf
57,128,inf,inf,inf,446.5926555598513,inf
57,129,inf,inf,inf,845.5986045400027,inf
57,130,inf,inf,inf,194.07730418572905,inf
57,131,inf,inf,inf,702.9829300914781,inf
57,132,inf,inf,inf,983.9903454810926,inf
57,133,inf,inf,inf,382.35062442737035,inf
57,134,inf,inf,inf,676.1249884451838,inf
57,135,inf,inf,inf,535.1112033960792,inf
57,136,inf,inf,inf,661.5285330203075,inf
57,137,inf,inf,inf,1054.954501388567,inf
57,138,inf,inf,inf,989.3856679778619,inf
57,139,inf,inf,inf,228.79029699705362,inf
57,140,inf,inf,inf,824.6993391533669,inf
57,141,inf,inf,inf,540.6255635835213,inf
57,142,inf,inf,inf,488.72282533149604,inf
57,143,inf,inf,inf,962.4806491561272,inf
57,144,inf,inf,inf,65.94694837519019,inf
57,145,inf,inf,inf,913.2206743170021,inf
57,146,inf,inf,inf,229.40139493908924,inf
57,147,inf,inf,inf,1016.0595454991799,inf
57,148,inf,inf,inf,620.0032257980598,inf
57,149,inf,inf,inf,790.5466463150673,inf
57,150,inf,inf,inf,709.2037788957416,inf
57,151,inf,inf,inf,626.0071884571295,inf
57,152,inf,inf,inf,278.30379084734005,inf
57,153,inf,inf,inf,238.6734170367534,inf
57,154,inf,inf,inf,222.00225224082752,inf
57,155,inf,inf,inf,188.95766721676048,inf
57,156,inf,inf,inf,724.8510191756648,inf
57,157,inf,inf,inf,1033.065825589057,inf
57,158,inf,inf,inf,666.2799711832857,inf
57,159,inf,inf,inf,254.6369965264278,inf
57,160,inf,inf,inf,649.7884271053156,inf
57,161,inf,inf,inf,439.09224543369015,inf
57,162,inf,inf,inf,272.7379694871985,inf
57,163,inf,inf,inf,402.6474885057648,inf
57,164,inf,inf,inf,449.4496634774577,inf
57,165,inf,inf,inf,652.5044061153917,inf
57,166,inf,inf,inf,303.014851121195,inf
57,167,inf,inf,inf,768.6514164431104,inf
57,168,inf,inf,inf,242.42524621004307,inf
57,169,inf,inf,inf,892.3345785074116,inf
57,170,inf,inf,inf,1049.1639528691405,inf
58,59,inf,inf,inf,1164.217333662405,inf
58,60,inf,inf,inf,720.5671377463726,inf
58,61,inf,inf,inf,776.1262783851607,inf
58,62,inf,inf,inf,1081.4897133121517,inf
58,63,inf,inf,inf,322.0931542271583,inf
58,64,inf,inf,inf,1335.5197490115975,inf
58,65,inf,inf,inf,1191.4663234854772,inf
58,66,inf,inf,inf,912.0619496503514,inf
58,67,inf,inf,inf,794.2776592602867,inf
58,68,inf,inf,inf,1257.2688654380972,inf
58,69,inf,inf,inf,721.4679480060081,inf
58,70,inf,inf,inf,709.5667692331709,inf
58,71,inf,inf,inf,966.777120126454,inf
58,72,inf,inf,inf,1444.6096358532293,inf
58,73,inf,inf,inf,857.0840098846787,inf
58,74,inf,inf,inf,968.0960696129284,inf
58,75,inf,inf,inf,499.98899987899733,inf
58,76,inf,inf,inf,1463.0413527990247,inf
58,77,inf,inf,inf,1243.638613102697,inf
58,78,inf,inf,inf,771.7674520216566,inf
58,79,inf,inf,inf,1296.5199574244896,inf
58,80,inf,inf,inf,878.2602120100853,inf
58,81,inf,inf,inf,1435.1672376416625,inf
58,82,inf,inf,inf,365.83329536825926,inf
58,83,inf,inf,inf,943.7716884925082,inf
58,84,inf,inf,inf,1134.5823019948796,inf
58,85,inf,inf,inf,785.7238700714138,inf
58,86,inf,inf,inf,421.0855020064215,inf
58,87,inf,inf,inf,797.950499717871,inf
58,88,inf,inf,inf,942.1188884636588,inf
58,89,inf,inf,inf,929.3922745536462,inf
58,90,inf,inf,inf,702.8805019347172,inf
58,91,inf,inf,inf,598.2282173217843,inf
58,92,inf,inf,inf,364.9273900380732,inf
58,93,inf,inf,inf,435.74878083593075,inf
58,94,inf,inf,inf,595.2419676064516,inf
58,95,inf,inf,inf,760.1480119029451,inf
58,96,inf,inf,inf,747.6021669310489,inf
58,97,inf,inf,inf,1176.1653795278962,inf
58,98,inf,inf,inf,1411.1385474148171,inf
58,99,inf,inf,inf,868.5274894901139,inf
58,100,inf,inf,inf,563.2477252506219,inf
58,101,inf,inf,inf,996.9493467573967,inf
58,102,inf,inf,inf,911.6929307612295,inf
58,103,inf,inf,inf,748.1503859519154,inf
58,104,inf,inf,inf,419.6057673578856,inf
58,105,inf,inf,inf,389.95512562344913,inf
58,106,inf,inf,inf,1005.1795859447207,inf
58,107,inf,inf,inf,442.61156785606045,inf
58,108,inf,inf,inf,934.1546981094726,inf
58,109,inf,inf,inf,586.9310010554904,inf
58,110,inf,inf,inf,1322.7626393272528,inf
58,111,inf,inf,inf,1351.671927651085,inf
58,112,inf,inf,inf,1021.0352589406499,inf
58,113,inf,inf,inf,928.9698595756485,inf
58,114,inf,inf,inf,1392.042025227687,inf
58,115,inf,inf,inf,1428.5716642856949,inf
58,116,inf,inf,inf,1007.1112153084187,inf
58,117,inf,inf,inf,837.9457022981859,inf
58,118,inf,inf,inf,646.0495337046533,inf
58,119,inf,inf,inf,996.3578674351902,inf
58,120,inf,inf,inf,1328.455494173591,inf
58,121,inf,inf,inf,918.9396062854186,inf
58,122,inf,inf,inf,1073.7862915869246,inf
58,123,inf,inf,inf,1336.8339463074688,inf
58,124,inf,inf,inf,879.0819074466269,inf
58,125,inf,inf,inf,1238.7348384541383,inf
58,126,inf,inf,inf,1296.1500684720115,inf
58,127,inf,inf,inf,1288.1156780351678,inf
58,128,inf,inf,inf,1133.0110326029487,inf
58,129,inf,inf,inf,1349.752569917909,inf
58,130,inf,inf,inf,934.7261631087471,inf
58,131,inf,inf,inf,1472.6207930081662,inf
58,132,inf,inf,inf,1249.8839946171004,inf
58,133,inf,inf,inf,1104.8551941317921,inf
58,134,inf,inf,inf,1125.0395548601837,inf
58,135,inf,inf,inf,611.2847127157688,inf
58,136,inf,inf,inf,1143.0122484033143,inf
58,137,inf,inf,inf,1008.2856738048002,inf
58,138,inf,inf,inf,1090.4609117249458,inf
58,139,inf,inf,inf,1125.7717352998343,inf
58,140,inf,inf,inf,250.34775812856802,inf
58,141,inf,inf,inf,444.8966172044917,inf
58,142,inf,inf,inf,536.7839416376015,inf
58,143,inf,inf,inf,156.4736399525492,inf
58,144,inf,inf,inf,857.4497069799488,inf
58,145,inf,inf,inf,977.0798329716973,inf
58,146,inf,inf,inf,983.2934455186813,inf
58,147,inf,inf,inf,396.7896167996335,inf
58,148,inf,inf,inf,704.5885324073903,inf
58,149,inf,inf,inf,952.8824691429684,inf
58,150,inf,inf,inf,257.2877766237642,inf
58,151,inf,inf,inf,644.3756668279769,inf
58,152,inf,inf,inf,836.9324942909076,inf
58,153,inf,inf,inf,1122.1238790793109,inf
58,154,inf,inf,inf,995.7921469865084,inf
58,155,inf,inf,inf,1055.6438793456816,inf
58,156,inf,inf,inf,481.3834230631545,inf
58,157,inf,inf,inf,561.057929272905,inf
58,158,inf,inf,inf,554.6836936489119,inf
58,159,inf,inf,inf,678.6376057956116,inf
58,160,inf,inf,inf,457.96069700357475,inf
58,161,inf,inf,inf,530.4573498406822,inf
58,162,inf,inf,inf,698.9513573919146,inf
58,163,inf,inf,inf,513.8170880770705,inf
58,164,inf,inf,inf,989.8565552644484,inf
58,165,inf,inf,inf,623.3979467402825,inf
58,166,inf,inf,inf,644.1746657545607,inf
58,167,inf,inf,inf,1133.0992895593924,inf
58,168,inf,inf,inf,904.8342389631374,inf
58,169,inf,inf,inf,1031.5473813645208,inf
58,170,inf,inf,inf,658.9704090473259,inf
59,60,inf,inf,inf,1159.7366080278746,inf
59,61,inf,inf,inf,1084.0636512677656,inf
59,62,inf,inf,inf,1060.8194945418377,inf
59,63,inf,inf,inf,887.1132960338268,inf
59,64,inf,inf,inf,1239.0500393446587,inf
59,65,inf,inf,inf,85.28774824088158,inf
59,66,inf,inf,inf,301.3187680845652,inf
59,67,inf,inf,inf,643.4974747425199,inf
59,68,inf,inf,inf,554.3978715687858,inf
59,69,inf,inf,inf,1052.438121696473,inf
59,70,inf,inf,inf,1115.3712386465772,inf
59,71,inf,inf,inf,805.0465825031494,inf
59,72,inf,inf,inf,599.1435554188996,inf
59,73,inf,inf,inf,1305.4719453132648,inf
59,74,inf,inf,inf,259.53805116013336,inf
59,75,inf,inf,inf,706.0573631086925,inf
59,76,inf,inf,inf,974.1642571969062,inf
59,77,inf,inf,inf,841.2663074199513,inf
59,78,inf,inf,inf,1105.729171180719,inf
59,79,inf,inf,inf,274.17147918775214,inf
59,80,inf,inf,inf,1117.1951485752165,inf
59,81,inf,inf,inf,676.9054586868095,inf
59,82,inf,inf,inf,996.4436762808022,inf
59,83,inf,inf,inf,1001.7210190467204,inf
59,84,1.0,59.2843,59.28427124746188,50.32891812864648,1.1779365313580652
59,85,inf,inf,inf,1461.8481453283716,inf
59,86,inf,inf,inf,1044.2782196330631,inf
59,87,inf,inf,inf,1088.9246989576461,inf
59,88,inf,inf,inf,239.0188277102873,inf
59,89,inf,inf,inf,532.90524486066,inf
59,90,inf,inf,inf,1403.7738421839895,inf
59,91,inf,inf,inf,620.2684902524068,inf
59,92,inf,inf,inf,1305.7695049280328,inf
59,93,inf,inf,inf,1193.7055750896031,inf
59,94,inf,inf,inf,919.2741702016868,inf
59,95,inf,inf,inf,1350.4151213608354,inf
59,96,inf,inf,inf,476.5553483069936,inf
59,97,inf,inf,inf,12.041594578792296,inf
59,98,inf,inf,inf,499.24943665466463,inf
59,99,inf,inf,inf,961.8617364257714,inf
59,100,inf,inf,inf,1289.077965058747,inf
59,101,inf,inf,inf,171.49344010777787,inf
59,102,inf,inf,inf,857.5604934930246,inf
59,103,inf,inf,inf,1260.4622168077867,inf
59,104,inf,inf,inf,802.0504971633644,inf
59,105,inf,inf,inf,1274.3441450408911,inf
59,106,inf,inf,inf,259.3067681338071,inf
59,107,inf,inf,inf,883.5162703651812,inf
59,108,inf,inf,inf,751.8251126425613,inf
59,109,inf,inf,inf,687.7281439638776,inf
59,110,inf,inf,inf,772.5444971003288,inf
59,111,inf,inf,inf,352.20590568586437,inf
59,112,inf,inf,inf,271.7075633838705,inf
59,113,inf,inf,inf,1022.7379918630187,inf
59,114,inf,inf,inf,454.4238109958588,inf
59,115,inf,inf,inf,1184.2588399501183,inf
59,116,inf,inf,inf,163.23296235748464,inf
59,117,inf,inf,inf,643.5627397542527,inf
59,118,inf,inf,inf,792.7584751990987,inf
59,119,inf,inf,inf,1148.0666356967265,inf
59,120,inf,inf,inf,758.4536900826575,inf
59,121,inf,inf,inf,682.7034495298819,inf
59,122,inf,inf,inf,819.4809332742282,inf
59,123,inf,inf,inf,319.90779921721196,inf
59,124,inf,inf,inf,1095.2556779126962,inf
59,125,inf,inf,inf,496.59037445363356,inf
59,126,inf,inf,inf,219.33763926877666,inf
59,127,inf,inf,inf,210.68459839295326,inf
59,128,inf,inf,inf,1442.7820348202288,inf
59,129,inf,inf,inf,426.4387412044079,inf
59,130,inf,inf,inf,810.249961431656,inf
59,131,inf,inf,inf,834.1186965894003,inf
59,132,inf,inf,inf,127.05904139414872,inf
59,133,inf,inf,inf,1377.92198618064,inf
59,134,inf,inf,inf,375.6860391337426,inf
59,135,inf,inf,inf,636.2837417379136,inf
59,136,inf,inf,inf,408.4470589929618,inf
59,137,inf,inf,inf,253.4758371127315,inf
59,138,inf,inf,inf,89.80534505250787,inf
59,139,inf,inf,inf,979.267072866233,inf
59,140,inf,inf,inf,1296.8161010721606,inf
59,141,inf,inf,inf,819.6615155050284,inf
59,142,inf,inf,inf,1204.6779652670666,inf
59,143,inf,inf,inf,1063.8054333382586,inf
59,144,inf,inf,inf,1012.0523701864445,inf
59,145,inf,inf,inf,190.33917095542893,inf
59,146,inf,inf,inf,1225.2167155242373,inf
59,147,inf,inf,inf,881.1923740024082,inf
59,148,inf,inf,inf,504.34611131642527,inf
59,149,inf,inf,inf,235.93431289238112,inf
59,150,inf,inf,inf,1180.071607996735,inf
59,151,inf,inf,inf,553.6587396582845,inf
59,152,inf,inf,inf,1222.4606333129914,inf
59,153,inf,inf,inf,1186.5260216278446,inf
59,154,inf,inf,inf,1218.4514762599288,inf
59,155,inf,inf,inf,1165.559951268059,inf
59,156,inf,inf,inf,1387.465314881781,inf
59,157,inf,inf,inf,730.0109588218522,inf
59,158,inf,inf,inf,1389.6949305513062,inf
59,159,inf,inf,inf,882.2612991625554,inf
59,160,inf,inf,inf,1305.0524893658492,inf
59,161,inf,inf,inf,817.244761378132,inf
59,162,inf,inf,inf,818.5871975544206,inf
59,163,inf,inf,inf,990.7582954484914,inf
59,164,inf,inf,inf,561.5567647175128,inf
59,165,inf,inf,inf,562.0222415527699,inf
59,166,inf,inf,inf,849.8499867623698,inf
59,167,inf,inf,inf,267.5070092539633,inf
59,168,inf,inf,inf,1220.0135245151998,inf
59,169,inf,inf,inf,136.0,inf
59,170,inf,inf,inf,641.5637146846757,inf
60,61,inf,inf,inf,109.78615577567146,inf
60,62,inf,inf,inf,431.2597824977423,inf
60,63,inf,inf,inf,828.8407567198901,inf
60,64,inf,inf,inf,651.8067198180761,inf
60,65,inf,inf,inf,1134.1626867429557,inf
60,66,inf,inf,inf,1067.9344549175291,inf
60,67,inf,inf,inf,520.5170506333102,inf
60,68,inf,inf,inf,910.9127290800145,inf
60,69,inf,inf,inf,110.81967334368028,inf
60,70,inf,inf,inf,44.384682042344295,inf
60,71,inf,inf,inf,478.2394797588338,inf
60,72,inf,inf,inf,1101.8865640346105,inf
60,73,inf,inf,inf,168.90825912311098,inf
60,74,inf,inf,inf,900.2071983715749,inf
60,75,inf,inf,inf,584.0034246474929,inf
60,76,inf,inf,inf,912.943043130293,inf
60,77,inf,inf,inf,726.2630377487209,inf
60,78,inf,inf,inf,88.10221336606703,inf
60,79,inf,inf,inf,1129.9367238920947,inf
60,80,inf,inf,inf,185.52627846210896,inf
60,81,inf,inf,inf,1042.5593508285272,inf
60,82,inf,inf,inf,386.67428153421326,inf
60,83,inf,inf,inf,320.52457004105,inf
60,84,inf,inf,inf,1111.6492252504834,inf
60,85,inf,inf,inf,313.95700342562833,inf
60,86,inf,inf,inf,310.17736861350795,inf
60,87,inf,inf,inf,123.94353553130554,inf
60,88,inf,inf,inf,933.368630284948,inf
60,89,inf,inf,inf,660.3673220261584,inf
60,90,inf,inf,inf,280.01785657346926,inf
60,91,inf,inf,inf,609.6589210370008,inf
60,92,inf,inf,inf,460.5702986515739,inf
60,93,inf,inf,inf,306.4702269389312,inf
60,94,inf,inf,inf,261.6333312099206,inf
60,95,inf,inf,inf,195.34584715319647,inf
60,96,inf,inf,inf,1000.0359993520233,inf
60,97,inf,inf,inf,1170.2888532323975,inf
60,98,inf,inf,inf,1123.178080270444,inf
60,99,inf,inf,inf,282.00177304407146,inf
60,100,inf,inf,inf,253.26863208853953,inf
60,101,inf,inf,inf,1052.4908550671591,inf
60,102,inf,inf,inf,396.2032306783982,inf
60,103,inf,inf,inf,101.19288512538814,inf
60,104,inf,inf,inf,531.6878783647413,inf
60,105,inf,inf,inf,406.4529493065587,inf
60,106,inf,inf,inf,1157.4044236998577,inf
60,107,inf,inf,inf,403.3906295391602,inf
60,108,inf,inf,inf,493.44705896377576,inf
60,109,inf,inf,inf,520.0740331914294,inf
60,110,inf,inf,inf,853.9086602207522,inf
60,111,inf,inf,inf,1145.629957708858,inf
60,112,inf,inf,inf,901.9988913518686,inf
60,113,inf,inf,inf,292.5816125459698,inf
60,114,inf,inf,inf,1128.2996056012782,inf
60,115,inf,inf,inf,778.9736837660179,inf
60,116,inf,inf,inf,1063.977443369924,inf
60,117,inf,inf,inf,531.6389752454197,inf
60,118,inf,inf,inf,373.6107600163571,inf
60,119,inf,inf,inf,299.81661061388843,inf
60,120,inf,inf,inf,868.4612829596954,inf
60,121,inf,inf,inf,537.1415083569692,inf
60,122,inf,inf,inf,563.2051136131489,inf
60,123,inf,inf,inf,1148.9099181397992,inf
60,124,inf,inf,inf,198.23723161908813,inf
60,125,inf,inf,inf,927.0086299490421,inf
60,126,inf,inf,inf,1167.6454941462327,inf
60,127,inf,inf,inf,1163.4556287198923,inf
60,128,inf,inf,inf,423.869083562366,inf
60,129,inf,inf,inf,1094.143043664767,inf
60,130,inf,inf,inf,449.5019466031265,inf
60,131,inf,inf,inf,998.3611570969696,inf
60,132,inf,inf,inf,1175.4543802291946,inf
60,133,inf,inf,inf,387.3732050619919,inf
60,134,inf,inf,inf,897.149374407629,inf
60,135,inf,inf,inf,572.435149165388,inf
60,136,inf,inf,inf,891.2070466507769,inf
60,137,inf,inf,inf,1156.8029218496986,inf
60,138,inf,inf,inf,1131.6121243606397,inf
60,139,inf,inf,inf,521.4719551423643,inf
60,140,inf,inf,inf,572.7870459429054,inf
60,141,inf,inf,inf,474.72307717236583,inf
60,142,inf,inf,inf,210.95023109728987,inf
60,143,inf,inf,inf,807.3691844503356,inf
60,144,inf,inf,inf,234.1644721130855,inf
60,145,inf,inf,inf,1035.9469098365996,inf
60,146,inf,inf,inf,265.5202440493003,inf
60,147,inf,inf,inf,927.6362433626664,inf
60,148,inf,inf,inf,695.8002586949792,inf
60,149,inf,inf,inf,930.7298211618665,inf
60,150,inf,inf,inf,477.8367922209423,inf
60,151,inf,inf,inf,675.0770326414608,inf
60,152,inf,inf,inf,118.51160280748886,inf
60,153,inf,inf,inf,426.1748467472007,inf
60,154,inf,inf,inf,279.8660393831306,inf
60,155,inf,inf,inf,359.02228343098704,inf
60,156,inf,inf,inf,435.12412022318415,inf
60,157,inf,inf,inf,994.6562220184419,inf
60,158,inf,inf,inf,370.563085047607,inf
60,159,inf,inf,inf,277.7228834647948,inf
60,160,inf,inf,inf,367.3486082728503,inf
60,161,inf,inf,inf,401.78103489338565,inf
60,162,inf,inf,inf,341.15685541990797,inf
60,163,inf,inf,inf,253.3081127796739,inf
60,164,inf,inf,inf,672.6522132573415,inf
60,165,inf,inf,inf,690.2289475239357,inf
60,166,inf,inf,inf,315.08728949292765,inf
60,167,inf,inf,inf,972.3296766015116,inf
60,168,inf,inf,inf,184.45595680270128,inf
60,169,inf,inf,inf,1037.1639214704685,inf
60,170,inf,inf,inf,1039.4676522143438,inf
61,62,inf,inf,inf,331.6986584235758,inf
61,63,inf,inf,inf,843.765370230374,inf
61,64,inf,inf,inf,567.5147575173706,inf
61,65,inf,inf,inf,1052.9140515730617,inf
61,66,inf,inf,inf,1016.1835464127531,inf
61,67,inf,inf,inf,440.5961870012041,inf
61,68,inf,inf,inf,806.273526788521,inf
61,69,inf,inf,inf,58.309518948453004,inf
61,70,inf,inf,inf,82.87943049997388,inf
61,71,inf,inf,inf,371.0552519504339,inf
61,72,inf,inf,inf,995.6349732708268,inf
61,73,inf,inf,inf,221.41589825484527,inf
61,74,inf,inf,inf,825.2187588754875,inf
61,75,inf,inf,inf,562.1538935202708,inf
61,76,inf,inf,inf,805.0801202364893,inf
61,77,inf,inf,inf,616.5427803486145,inf
61,78,inf,inf,inf,24.020824298928627,inf
61,79,inf,inf,inf,1037.111372997134,inf
61,80,inf,inf,inf,102.18121158021175,inf
61,81,inf,inf,inf,934.3281008296818,inf
61,82,inf,inf,inf,420.63047916193614,inf
61,83,inf,inf,inf,212.72752525237536,inf
61,84,inf,inf,inf,1035.0309174126153,inf
61,85,inf,inf,inf,415.01084323183653,inf
61,86,inf,inf,inf,355.225280631883,inf
61,87,inf,inf,inf,21.840329667841555,inf
61,88,inf,inf,inf,864.7820534678087,inf
61,89,inf,inf,inf,570.5032865812431,inf
61,90,inf,inf,inf,388.124979871175,inf
61,91,inf,inf,inf,570.2359160908755,inf
61,92,inf,inf,inf,551.6230597065355,inf
61,93,inf,inf,inf,390.0371777151506,inf
61,94,inf,inf,inf,237.00843866833097,inf
61,95,inf,inf,inf,295.006779583114,inf
61,96,inf,inf,inf,965.2072316347407,inf
61,97,inf,inf,inf,1094.1814291971875,inf
61,98,inf,inf,inf,1020.1588111661831,inf
61,99,inf,inf,inf,172.69626515938322,inf
61,100,inf,inf,inf,358.35736353534026,inf
61,101,inf,inf,inf,987.6882099124197,inf
61,102,inf,inf,inf,289.1712295509358,inf
61,103,inf,inf,inf,199.090431713832,inf
61,104,inf,inf,inf,526.7114959823831,inf
61,105,inf,inf,inf,496.9557324349926,inf
61,106,inf,inf,inf,1101.9373847909872,inf
61,107,inf,inf,inf,405.7647101461634,inf
61,108,inf,inf,inf,390.3703369878403,inf
61,109,inf,inf,inf,480.57049430858734,inf
61,110,inf,inf,inf,744.2586915851235,inf
61,111,inf,inf,inf,1048.8684378891378,inf
61,112,inf,inf,inf,820.4102632220053,inf
61,113,inf,inf,inf,186.02419197512995,inf
61,114,inf,inf,inf,1026.9961051532766,inf
61,115,inf,inf,inf,683.8515920870551,inf
61,116,inf,inf,inf,998.9379360100406,inf
61,117,inf,inf,inf,445.1123453691214,inf
61,118,inf,inf,inf,320.4122344730301,inf
61,119,inf,inf,inf,220.49263026232873,inf
61,120,inf,inf,inf,758.9216033293558,inf
61,121,inf,inf,inf,439.110464461962,inf
61,122,inf,inf,inf,453.71025996774637,inf
61,123,inf,inf,inf,1053.7385823817974,inf
61,124,inf,inf,inf,104.69479452198185,inf
61,125,inf,inf,inf,824.7011579960343,inf
61,126,inf,inf,inf,1077.939237619635,inf
61,127,inf,inf,inf,1074.2225095388758,inf
61,128,inf,inf,inf,419.1443665373543,inf
61,129,inf,inf,inf,993.9034158307335,inf
61,130,inf,inf,inf,343.4719784785944,inf
61,131,inf,inf,inf,888.5763895130233,inf
61,132,inf,inf,inf,1091.3413764720917,inf
61,133,inf,inf,inf,369.0541965619684,inf
61,134,inf,inf,inf,803.1998505975956,inf
61,135,inf,inf,inf,529.3061495958648,inf
61,136,inf,inf,inf,794.9672949247661,inf
61,137,inf,inf,inf,1100.8523970087906,inf
61,138,inf,inf,inf,1062.3525780078853,inf
61,139,inf,inf,inf,415.03011938894264,inf
61,140,inf,inf,inf,654.7992058639045,inf
61,141,inf,inf,inf,467.81727201974917,inf
61,142,inf,inf,inf,304.78352973873115,inf
61,143,inf,inf,inf,845.855779669324,inf
61,144,inf,inf,inf,124.48293055676348,inf
61,145,inf,inf,inf,972.2000822875916,inf
61,146,inf,inf,inf,218.92921230388603,inf
61,147,inf,inf,inf,939.443452263094,inf
61,148,inf,inf,inf,642.7604530460784,inf
61,149,inf,inf,inf,860.4655716529279,inf
61,150,inf,inf,inf,548.2928049865327,inf
61,151,inf,inf,inf,630.7138812488591,inf
61,152,inf,inf,inf,139.26952286842948,inf
61,153,inf,inf,inf,347.30102216952946,inf
61,154,inf,inf,inf,227.3719419805355,inf
61,155,inf,inf,inf,280.178514522438,inf
61,156,inf,inf,inf,538.0204457081534,inf
61,157,inf,inf,inf,987.486708771313,inf
61,158,inf,inf,inf,477.7970280359642,inf
61,159,inf,inf,inf,217.3407462948446,inf
61,160,inf,inf,inf,465.3815638806505,inf
61,161,inf,inf,inf,379.1319031682773,inf
61,162,inf,inf,inf,273.23433166423285,inf
61,163,inf,inf,inf,272.06616842231597,inf
61,164,inf,inf,inf,576.2117666275134,inf
61,165,inf,inf,inf,650.2099660878785,inf
61,166,inf,inf,inf,264.6148144001012,inf
61,167,inf,inf,inf,883.5847440964562,inf
61,168,inf,inf,inf,161.4465855941215,inf
61,169,inf,inf,inf,966.4005380793204,inf
61,170,inf,inf,inf,1021.8855121783457,inf
62,63,inf,inf,inf,1087.7297458468256,inf
62,64,inf,inf,inf,260.36320784627003,inf
62,65,inf,inf,inf,1006.5882971701985,inf
62,66,inf,inf,inf,1086.5914595651855,inf
62,67,inf,inf,inf,486.42471154331787,inf
62,68,inf,inf,inf,631.0190171460762,inf
62,69,inf,inf,inf,373.9090798576574,inf
62,70,inf,inf,inf,414.03502267320334,inf
62,71,inf,inf,inf,259.46483384073457,inf
62,72,inf,inf,inf,791.3918119364137,inf
62,73,inf,inf,inf,439.32334333609,inf
62,74,inf,inf,inf,824.6368897884693,inf
62,75,inf,inf,inf,754.6369988279133,inf
62,76,inf,inf,inf,498.01405602653426,inf
62,77,inf,inf,inf,352.319457311117,inf
62,78,inf,inf,inf,347.224711102191,inf
62,79,inf,inf,inf,931.7381606438581,inf
62,80,inf,inf,inf,247.6065427245411,inf
62,81,inf,inf,inf,707.3704828447396,inf
62,82,inf,inf,inf,715.951115649665,inf
62,83,inf,inf,inf,138.2208377922808,inf
62,84,inf,inf,inf,1010.6933263854075,inf
62,85,inf,inf,inf,681.6876117401578,inf
62,86,inf,inf,inf,665.4660021368485,inf
62,87,inf,inf,inf,312.06569821112987,inf
62,88,inf,inf,inf,886.4671454712803,inf
62,89,inf,inf,inf,535.0233639758175,inf
62,90,inf,inf,inf,682.528387688014,inf
62,91,inf,inf,inf,719.9034657507908,inf
62,92,inf,inf,inf,883.1987318831476,inf
62,93,inf,inf,inf,720.6809280118352,inf
62,94,inf,inf,inf,490.92667476925715,inf
62,95,inf,inf,inf,571.5531471350674,inf
62,96,inf,inf,inf,1090.0371553300374,inf
62,97,inf,inf,inf,1068.4778893360406,inf
62,98,inf,inf,inf,845.593282849385,inf
62,99,inf,inf,inf,215.87033144922904,inf
62,100,inf,inf,inf,684.4705983459041,inf
62,101,inf,inf,inf,1014.2110234068648,inf
62,102,inf,inf,inf,234.68276459936294,inf
62,103,inf,inf,inf,489.3107397145499,inf
62,104,inf,inf,inf,756.79653804705,inf
62,105,inf,inf,inf,828.5270061983496,inf
62,106,inf,inf,inf,1154.9173130575193,inf
62,107,inf,inf,inf,662.7405223765935,inf
62,108,inf,inf,inf,317.60510071470827,inf
62,109,inf,inf,inf,644.7976426755916,inf
62,110,inf,inf,inf,493.911935470282,inf
62,111,inf,inf,inf,918.6343124442935,inf
62,112,inf,inf,inf,790.8659810612668,inf
62,113,inf,inf,inf,153.4177303964571,inf
62,114,inf,inf,inf,865.935909868623,inf
62,115,inf,inf,inf,353.3624201864143,inf
62,116,inf,inf,inf,1023.8051572442873,inf
62,117,inf,inf,inf,459.4355232238796,inf
62,118,inf,inf,inf,492.06503635190336,inf
62,119,inf,inf,inf,158.86157496386593,inf
62,120,inf,inf,inf,512.4860973724068,inf
62,121,inf,inf,inf,388.0128863839447,inf
62,122,inf,inf,inf,253.6631624812716,inf
62,123,inf,inf,inf,933.3086306254753,inf
62,124,inf,inf,inf,233.02574965011914,inf
62,125,inf,inf,inf,669.2473384332582,inf
62,126,inf,inf,inf,987.7190896201207,inf
62,127,inf,inf,inf,986.7654229856253,inf
62,128,inf,inf,inf,417.43262929483603,inf
62,129,inf,inf,inf,842.7502595668541,inf
62,130,inf,inf,inf,263.53178176455305,inf
62,131,inf,inf,inf,617.122354156775,inf
62,132,inf,inf,inf,1029.0821152852673,inf
62,133,inf,inf,inf,352.2002271435951,inf
62,134,inf,inf,inf,709.4124329330576,inf
62,135,inf,inf,inf,675.6870577419697,inf
62,136,inf,inf,inf,687.4190861475989,inf
62,137,inf,inf,inf,1152.2308796417497,inf
62,138,inf,inf,inf,1066.866908288002,inf
62,139,inf,inf,inf,117.10678887237921,inf
62,140,inf,inf,inf,983.342259846489,inf
62,141,inf,inf,inf,701.5760828306506,inf
62,142,inf,inf,inf,636.227160690268,inf
62,143,inf,inf,inf,1127.7907607353413,inf
62,144,inf,inf,inf,225.42404485768594,inf
62,145,inf,inf,inf,1003.7375154889849,inf
62,146,inf,inf,inf,249.19470299346253,inf
62,147,inf,inf,inf,1173.7878854375692,inf
62,148,inf,inf,inf,743.4520831903022,inf
62,149,inf,inf,inf,875.934358271212,inf
62,150,inf,inf,inf,871.0619954974502,inf
62,151,inf,inf,inf,758.6514351136495,inf
62,152,inf,inf,inf,372.99329752691267,inf
62,153,inf,inf,inf,127.00393694685216,inf
62,154,inf,inf,inf,232.14219780126146,inf
62,155,inf,inf,inf,130.98091464026353,inf
62,156,inf,inf,inf,866.3405796798393,inf
62,157,inf,inf,inf,1180.5159888794392,inf
62,158,inf,inf,inf,800.0862453510871,inf
62,159,inf,inf,inf,417.25891242728414,inf
62,160,inf,inf,inf,796.3039620647382,inf
62,161,inf,inf,inf,599.3204485081416,inf
62,162,inf,inf,inf,426.0950598164687,inf
62,163,inf,inf,inf,568.0316892568583,inf
62,164,inf,inf,inf,499.26746339011515,inf
62,165,inf,inf,inf,787.6858510853169,inf
62,166,inf,inf,inf,463.51806868772655,inf
62,167,inf,inf,inf,812.1391506386083,inf
62,168,inf,inf,inf,309.7046980592965,inf
62,169,inf,inf,inf,971.272361389945,inf
62,170,inf,inf,inf,1188.8624815343446,inf
63,64,inf,inf,inf,1347.8089627243173,inf
63,65,inf,inf,inf,927.573177706212,inf
63,66,inf,inf,inf,611.7000899133496,inf
63,67,inf,inf,inf,681.384619726627,inf
63,68,inf,inf,inf,1091.1961326910941,inf
63,69,inf,inf,inf,785.5316670892396,inf
63,70,inf,inf,inf,801.8360181483494,inf
63,71,inf,inf,inf,905.6544594932441,inf
63,72,inf,inf,inf,1261.3710794211195,inf
63,73,inf,inf,inf,991.4358274744766,inf
63,74,inf,inf,inf,730.2889838961013,inf
63,75,inf,inf,inf,351.48399679075004,inf
63,76,inf,inf,inf,1374.8810857670564,inf
63,77,inf,inf,inf,1156.7735301259274,inf
63,78,inf,inf,inf,848.7219803916946,inf
63,79,inf,inf,inf,1059.4810050208546,inf
63,80,inf,inf,inf,940.1090362293089,inf
63,81,inf,inf,inf,1273.29218956216,inf
63,82,inf,inf,inf,446.59825346725216,inf
63,83,inf,inf,inf,953.2601953296906,inf
63,84,inf,inf,inf,864.7756934604488,inf
63,85,inf,inf,inf,992.6781955900915,inf
63,86,inf,inf,inf,528.0009469688478,inf
63,87,inf,inf,inf,863.6602341198766,inf
63,88,inf,inf,inf,687.0254725990878,inf
63,89,inf,inf,inf,778.784951061588,inf
63,90,inf,inf,inf,909.9939560238848,inf
63,91,inf,inf,inf,428.4355260713098,inf
63,92,inf,inf,inf,625.6292832021212,inf
63,93,inf,inf,inf,622.4122428101813,inf
63,94,inf,inf,inf,613.6521816143082,inf
63,95,inf,inf,inf,933.3557735397579,inf
63,96,inf,inf,inf,437.86413417862855,inf
63,97,inf,inf,inf,898.6684594443047,inf
63,98,inf,inf,inf,1208.93341421271,inf
63,99,inf,inf,inf,874.9148529999934,inf
63,100,inf,inf,inf,761.0519036176179,inf
63,101,inf,inf,inf,715.8240007152597,inf
63,102,inf,inf,inf,874.7571091451615,inf
63,103,inf,inf,inf,890.2319922357318,inf
63,104,inf,inf,inf,330.94561486745823,inf
63,105,inf,inf,inf,628.6374153675551,inf
63,106,inf,inf,inf,700.035713374682,inf
63,107,inf,inf,inf,438.74480053899214,inf
63,108,inf,inf,inf,857.9819345417478,inf
63,109,inf,inf,inf,466.7590384770283,inf
63,110,inf,inf,inf,1204.4936695558013,inf
63,111,inf,inf,inf,1124.075175422,inf
63,112,inf,inf,inf,794.6124841707434,inf
63,113,inf,inf,inf,948.1903817272141,inf
63,114,inf,inf,inf,1182.1628483419702,inf
63,115,inf,inf,inf,1406.0216925780342,inf
63,116,inf,inf,inf,724.7516816123989,inf
63,117,inf,inf,inf,726.2568416200979,inf
63,118,inf,inf,inf,597.6520726978197,inf
63,119,inf,inf,inf,1046.957974323707,inf
63,120,inf,inf,inf,1205.4982372446673,inf
63,121,inf,inf,inf,819.8451073221088,inf
63,122,inf,inf,inf,1004.6974669023507,inf
63,123,inf,inf,inf,1104.0819715945008,inf
63,124,inf,inf,inf,932.7899013175474,inf
63,125,inf,inf,inf,1060.3848358025496,inf
63,126,inf,inf,inf,1046.7573739888342,inf
63,127,inf,inf,inf,1038.0568385208971,inf
63,128,inf,inf,inf,1251.2465784169003,inf
63,129,inf,inf,inf,1139.9824560053546,inf
63,130,inf,inf,inf,878.7087116900572,inf
63,131,inf,inf,inf,1344.9654270649487,inf
63,132,inf,inf,inf,987.0450850898352,inf
63,133,inf,inf,inf,1208.7154338387509,inf
63,134,inf,inf,inf,926.3098833543772,inf
63,135,inf,inf,inf,461.619973571335,inf
63,136,inf,inf,inf,951.418414789203,inf
63,137,inf,inf,inf,703.7272198799759,inf
63,138,inf,inf,inf,806.0676150299056,inf
63,139,inf,inf,inf,1098.6764764934217,inf
63,140,inf,inf,inf,543.6782136521566,inf
63,141,inf,inf,inf,387.12917740723185,inf
63,142,inf,inf,inf,704.0859322554314,inf
63,143,inf,inf,inf,184.27153876819935,inf
63,144,inf,inf,inf,884.1108527780891,inf
63,145,inf,inf,inf,696.7790180537872,inf
63,146,inf,inf,inf,1062.6617523934885,inf
63,147,inf,inf,inf,100.64790112068906,inf
63,148,inf,inf,inf,499.9169931098562,inf
63,149,inf,inf,inf,700.9828813886969,inf
63,150,inf,inf,inf,485.96810594935135,inf
63,151,inf,inf,inf,442.9221150495875,inf
63,152,inf,inf,inf,945.4945795719825,inf
63,153,inf,inf,inf,1161.0521090803807,inf
63,154,inf,inf,inf,1070.3279871142304,inf
63,155,inf,inf,inf,1100.7270324653612,inf
63,156,inf,inf,inf,741.8908275480968,inf
63,157,inf,inf,inf,240.10414407085938,inf
63,158,inf,inf,inf,795.5740066140925,inf
63,159,inf,inf,inf,673.2406701915742,inf
63,160,inf,inf,inf,690.9703322140539,inf
63,161,inf,inf,inf,488.746355485133,inf
63,162,inf,inf,inf,662.9668166658117,inf
63,163,inf,inf,inf,577.7542730261715,inf
63,164,inf,inf,inf,847.8915024930961,inf
63,165,inf,inf,inf,412.40877779213184,inf
63,166,inf,inf,inf,624.871986890115,inf
63,167,inf,inf,inf,908.4811500521075,inf
63,168,inf,inf,inf,998.4412852040925,inf
63,169,inf,inf,inf,761.9199433011319,inf
63,170,inf,inf,inf,336.8827689271151,inf
64,65,inf,inf,inf,1174.2133536968483,inf
64,66,inf,inf,inf,1306.981254647518,inf
64,67,inf,inf,inf,726.0426984688986,inf
64,68,inf,inf,inf,736.8704092308226,inf
64,69,inf,inf,inf,617.5475690179665,inf
64,70,inf,inf,inf,645.1309944499644,inf
64,71,inf,inf,inf,483.1324870053762,inf
64,72,inf,inf,inf,851.4986788010889,inf
64,73,inf,inf,inf,604.6701580200564,inf
64,74,inf,inf,inf,1025.0487793271109,inf
64,75,inf,inf,inf,1012.007905107465,inf
64,76,inf,inf,inf,440.2828636229214,inf
64,77,inf,inf,inf,418.35152682881414,inf
64,78,inf,inf,inf,577.7352334763737,inf
64,79,inf,inf,inf,1065.612030712867,inf
64,80,inf,inf,inf,469.34848460392413,inf
64,81,inf,inf,inf,750.9420749964673,inf
64,82,inf,inf,inf,971.3027334461692,inf
64,83,inf,inf,inf,397.33612974407447,inf
64,84,inf,inf,inf,1190.3948924621611,inf
64,85,inf,inf,inf,841.0380490798261,inf
64,86,inf,inf,inf,916.1146216494965,inf
64,87,inf,inf,inf,546.0567736050896,inf
64,88,inf,inf,inf,1093.7664284480486,inf
64,89,inf,inf,inf,742.0168461699506,inf
64,90,inf,inf,inf,863.2832675315791,inf
64,91,inf,inf,inf,971.6377925955742,inf
64,92,inf,inf,inf,1112.3385276074905,inf
64,93,inf,inf,inf,955.0706780128893,inf
64,94,inf,inf,inf,749.5331880577404,inf
64,95,inf,inf,inf,748.6013625421743,inf
64,96,inf,inf,inf,1328.6700117034327,inf
64,97,inf,inf,inf,1245.0686728048377,inf
64,98,inf,inf,inf,930.0349455800034,inf
64,99,inf,inf,inf,475.6563885831872,inf
64,100,inf,inf,inf,897.4970752041479,inf
64,101,inf,inf,inf,1218.6570477373855,inf
64,102,inf,inf,inf,483.2690761884108,inf
64,103,inf,inf,inf,684.4705983459041,inf
64,104,inf,inf,inf,1016.9287093990414,inf
64,105,inf,inf,inf,1058.1077449863033,inf
64,106,inf,inf,inf,1366.6283327957167,inf
64,107,inf,inf,inf,922.5573152926597,inf
64,108,inf,inf,inf,542.5808695484941,inf
64,109,inf,inf,inf,900.3471552684554,inf
64,110,inf,inf,inf,541.0249532138051,inf
64,111,inf,inf,inf,1034.9917874070306,inf
64,112,inf,inf,inf,979.3109822727406,inf
64,113,inf,inf,inf,408.00980380378115,inf
64,114,inf,inf,inf,960.8163195949578,inf
64,115,inf,inf,inf,167.4873129523547,inf
64,116,inf,inf,inf,1227.1805083197826,inf
64,117,inf,inf,inf,692.7308279555631,inf
64,118,inf,inf,inf,751.2316553500658,inf
64,119,inf,inf,inf,352.03692988094303,inf
64,120,inf,inf,inf,561.0570380986233,inf
64,121,inf,inf,inf,608.2441943824865,inf
64,122,inf,inf,inf,427.61197363965385,inf
64,123,inf,inf,inf,1056.1638130517445,inf
64,124,inf,inf,inf,462.87147244132467,inf
64,125,inf,inf,inf,787.2769525395748,inf
64,126,inf,inf,inf,1128.829482251416,inf
64,127,inf,inf,inf,1129.780952220385,inf
64,128,inf,inf,inf,450.8491987350094,inf
64,129,inf,inf,inf,947.8317361219764,inf
64,130,inf,inf,inf,498.19674828324605,inf
64,131,inf,inf,inf,611.2748972434579,inf
64,132,inf,inf,inf,1186.138693408153,inf
64,133,inf,inf,inf,405.47503005733904,inf
64,134,inf,inf,inf,867.6802406416779,inf
64,135,inf,inf,inf,927.876069310983,inf
64,136,inf,inf,inf,838.8337141531688,inf
64,137,inf,inf,inf,1363.3359820675166,inf
64,138,inf,inf,inf,1259.1846568315545,inf
64,139,inf,inf,inf,275.48684179103725,inf
64,140,inf,inf,inf,1221.1981821145985,inf
64,141,inf,inf,inf,961.8991631143048,inf
64,142,inf,inf,inf,862.6888199113282,inf
64,143,inf,inf,inf,1386.8615648290206,inf
64,144,inf,inf,inf,478.6282482261155,inf
64,145,inf,inf,inf,1210.7460509950054,inf
64,146,inf,inf,inf,405.2221612893352,inf
64,147,inf,inf,inf,1433.1242095505888,inf
64,148,inf,inf,inf,983.7530177844437,inf
64,149,inf,inf,inf,1081.0041628041956,inf
64,150,inf,inf,inf,1115.5931157908783,inf
64,151,inf,inf,inf,1005.105467102831,inf
64,152,inf,inf,inf,563.8022703040491,inf
64,153,inf,inf,inf,226.40008833920538,inf
64,154,inf,inf,inf,386.9328107049078,inf
64,155,inf,inf,inf,292.8975930252756,inf
64,156,inf,inf,inf,1079.3169136078616,inf
64,157,inf,inf,inf,1434.3517699643976,inf
64,158,inf,inf,inf,1004.1259881110537,inf
64,159,inf,inf,inf,677.5027675220227,inf
64,160,inf,inf,inf,1017.7529169695364,inf
64,161,inf,inf,inf,859.6045602484901,inf
64,162,inf,inf,inf,685.4137436614471,inf
64,163,inf,inf,inf,821.8765114054544,inf
64,164,inf,inf,inf,690.9594778277523,inf
64,165,inf,inf,inf,1035.507604993802,inf
64,166,inf,inf,inf,723.8701541022396,inf
64,167,inf,inf,inf,976.0046106448473,inf
64,168,inf,inf,inf,488.6430189821604,inf
64,169,inf,inf,inf,1167.3889668829322,inf
64,170,inf,inf,inf,1437.2658070099628,inf
65,66,inf,inf,inf,367.0817347676128,inf
65,67,inf,inf,inf,613.9324067028878,inf
65,68,inf,inf,inf,475.3283075938146,inf
65,69,inf,inf,inf,1025.1029216620154,inf
65,70,inf,inf,inf,1089.8187922769546,inf
65,71,inf,inf,inf,754.8099098448563,inf
65,72,inf,inf,inf,513.8764442937621,inf
65,73,inf,inf,inf,1273.9407364551932,inf
65,74,inf,inf,inf,244.08605040026356,inf
65,75,inf,inf,inf,717.0390505404848,inf
65,76,inf,inf,inf,894.9469258006309,inf
65,77,inf,inf,inf,770.2162034130416,inf
65,78,inf,inf,inf,1075.2846134861225,inf
65,79,inf,inf,inf,189.66285877841239,inf
65,80,inf,inf,inf,1079.0111213513974,inf
65,81,inf,inf,inf,592.4905062530538,inf
65,82,inf,inf,inf,999.0405397179836,inf
65,83,inf,inf,inf,956.2117966224847,inf
65,84,inf,inf,inf,68.76772498781678,inf
65,85,inf,inf,inf,1441.0947227715462,inf
65,86,inf,inf,inf,1041.1556079664556,inf
65,87,inf,inf,inf,1056.189850358353,inf
65,88,inf,inf,inf,249.9039815609187,inf
65,89,inf,inf,inf,489.45888489228594,inf
65,90,inf,inf,inf,1386.6380205374437,inf
65,91,inf,inf,inf,625.8186638316246,inf
65,92,inf,inf,inf,1310.0,inf
65,93,inf,inf,inf,1189.911341235136,inf
65,94,inf,inf,inf,902.8161496118687,inf
65,95,inf,inf,inf,1327.2245476934188,inf
65,96,inf,inf,inf,534.7307733803993,inf
65,97,inf,inf,inf,84.1486779456457,inf
65,98,inf,inf,inf,414.08211745981015,inf
65,99,inf,inf,inf,921.6615430840109,inf
65,100,inf,inf,inf,1278.1392725364478,inf
65,101,inf,inf,inf,224.97110925627763,inf
65,102,inf,inf,inf,812.6450639731961,inf
65,103,inf,inf,inf,1235.3157491103236,inf
65,104,inf,inf,inf,812.561997634642,inf
65,105,inf,inf,inf,1275.6915771455106,inf
65,106,inf,inf,inf,337.8313188560232,inf
65,107,inf,inf,inf,883.5094792926673,inf
65,108,inf,inf,inf,704.3472155123494,inf
65,109,inf,inf,inf,684.9467132558561,inf
65,110,inf,inf,inf,694.9136637021898,inf
65,111,inf,inf,inf,268.1287004406652,inf
65,112,inf,inf,inf,232.54461937443318,inf
65,113,inf,inf,inf,978.7691249727895,inf
65,114,inf,inf,inf,369.4116944548453,inf
65,115,inf,inf,inf,1112.6207799605397,inf
65,116,inf,inf,inf,219.93862780330335,inf
65,117,inf,inf,inf,608.313241677345,inf
65,118,inf,inf,inf,774.6612162745726,inf
65,119,inf,inf,inf,1102.1456346599573,inf
65,120,inf,inf,inf,680.1543942370732,inf
65,121,inf,inf,inf,637.0761335978613,inf
65,122,inf,inf,inf,760.3453162872775,inf
65,123,inf,inf,inf,236.23928547132036,inf
65,124,inf,inf,inf,1056.528750200391,inf
65,125,inf,inf,inf,417.4685616905781,inf
65,126,inf,inf,inf,139.43098651304163,inf
65,127,inf,inf,inf,130.36103712382777,inf
65,128,inf,inf,inf,1397.5442747906056,inf
65,129,inf,inf,inf,341.15099296352633,inf
65,130,inf,inf,inf,762.939709282457,inf
65,131,inf,inf,inf,751.3321502504734,inf
65,132,inf,inf,inf,59.481089431852205,inf
65,133,inf,inf,inf,1332.0859581873835,inf
65,134,inf,inf,inf,306.6626811335217,inf
65,135,inf,inf,inf,636.0951186733004,inf
65,136,inf,inf,inf,337.08307581366347,inf
65,137,inf,inf,inf,332.03614261101154,inf
65,138,inf,inf,inf,164.62381358722072,inf
65,139,inf,inf,inf,919.8141116551757,inf
65,140,inf,inf,inf,1309.5686312675637,inf
65,141,inf,inf,inf,824.2190242890539,inf
65,142,inf,inf,inf,1193.6184482488532,inf
65,143,inf,inf,inf,1099.7181457082538,inf
65,144,inf,inf,inf,973.4413182108103,inf
65,145,inf,inf,inf,240.58470441821524,inf
65,146,inf,inf,inf,1182.4153246638848,inf
65,147,inf,inf,inf,929.7279171886795,inf
65,148,inf,inf,inf,508.71701367263114,inf
65,149,inf,inf,inf,240.85887984460942,inf
65,150,inf,inf,inf,1189.1816513888868,inf
65,151,inf,inf,inf,562.9955594851526,inf
65,152,inf,inf,inf,1189.890751287697,inf
65,153,inf,inf,inf,1133.159300363369,inf
65,154,inf,inf,inf,1174.5850331074375,inf
65,155,inf,inf,inf,1116.0250893237123,inf
65,156,inf,inf,inf,1386.1233711325988,inf
65,157,inf,inf,inf,786.3497949386139,inf
65,158,inf,inf,inf,1382.8962361652445,inf
65,159,inf,inf,inf,858.5714879961947,inf
65,160,inf,inf,inf,1302.321004975348,inf
65,161,inf,inf,inf,811.1553488697464,inf
65,162,inf,inf,inf,794.0484871845043,inf
65,163,inf,inf,inf,980.4896735815222,inf
65,164,inf,inf,inf,509.132595695856,inf
65,165,inf,inf,inf,576.0737799969722,inf
65,166,inf,inf,inf,830.1355311032048,inf
65,167,inf,inf,inf,198.21705274773913,inf
65,168,inf,inf,inf,1182.5434452907004,inf
65,169,inf,inf,inf,166.35504200354134,inf
65,170,inf,inf,inf,703.0064011088377,inf
66,67,inf,inf,inf,607.1194281193775,inf
66,68,inf,inf,inf,735.256417857063,inf
66,69,inf,inf,inf,972.0828154020624,inf
66,70,inf,inf,inf,1025.4491698763036,inf
66,71,inf,inf,inf,830.1596232050798,inf
66,72,inf,inf,inf,838.0035799446205,inf
66,73,inf,inf,inf,1229.9991869916012,inf
66,74,inf,inf,inf,305.1048999934285,inf
66,75,inf,inf,inf,520.4997598462462,inf
66,76,inf,inf,inf,1133.7781970032763,inf
66,77,inf,inf,inf,957.9530259882266,inf
66,78,inf,inf,inf,1034.176967448028,inf
66,79,inf,inf,inf,544.1663348646257,inf
66,80,inf,inf,inf,1074.4933689883806,inf
66,81,inf,inf,inf,894.0794148172745,inf
66,82,inf,inf,inf,817.5432710260662,inf
66,83,inf,inf,inf,994.0241445759756,inf
66,84,inf,inf,inf,298.328677803526,inf
66,85,inf,inf,inf,1343.1355106615267,inf
66,86,inf,inf,inf,881.2366311042682,inf
66,87,inf,inf,inf,1026.7433954012074,inf
66,88,inf,inf,inf,228.17756243767704,inf
66,89,inf,inf,inf,565.7570149808131,inf
66,90,inf,inf,inf,1274.209558903087,inf
66,91,inf,inf,inf,463.24939287601876,inf
66,92,inf,inf,inf,1111.37257479209,inf
66,93,inf,inf,inf,1026.9371937952194,inf
66,94,inf,inf,inf,808.0099009294379,inf
66,95,inf,inf,inf,1243.2811427830795,inf
66,96,inf,inf,inf,179.9222054111165,inf
66,97,inf,inf,inf,311.1334118991401,inf
66,98,inf,inf,inf,751.473885108458,inf
66,99,inf,inf,inf,935.4041907111599,inf
66,100,inf,inf,inf,1142.1878129274537,inf
66,101,inf,inf,inf,146.37281168304446,inf
66,102,inf,inf,inf,856.9813300183382,inf
66,103,inf,inf,inf,1163.2248277955557,inf
66,104,inf,inf,inf,609.8458821702415,inf
66,105,inf,inf,inf,1089.3006931054438,inf
66,106,inf,inf,inf,97.26767191621273,inf
66,107,inf,inf,inf,719.1995550610415,inf
66,108,inf,inf,inf,770.5958733343957,inf
66,109,inf,inf,inf,550.2045074333724,inf
66,110,inf,inf,inf,930.1376242255766,inf
66,111,inf,inf,inf,621.6622877415036,inf
66,112,inf,inf,inf,373.5906851087163,inf
66,113,inf,inf,inf,1007.6586723687739,inf
66,114,inf,inf,inf,711.4211129844264,inf
66,115,inf,inf,inf,1289.8077376105325,inf
66,116,inf,inf,inf,148.66068747318505,inf
66,117,inf,inf,inf,628.117823342086,inf
66,118,inf,inf,inf,697.3614557745502,inf
66,119,inf,inf,inf,1134.8171658906117,inf
66,120,inf,inf,inf,921.0021715501001,inf
66,121,inf,inf,inf,701.5732321005413,inf
66,122,inf,inf,inf,881.0925036566819,inf
66,123,inf,inf,inf,592.7039733290136,inf
66,124,inf,inf,inf,1055.705451345213,inf
66,125,inf,inf,inf,682.9238610562674,inf
66,126,inf,inf,inf,505.2128264405012,inf
66,127,inf,inf,inf,496.0090724976711,inf
66,128,inf,inf,inf,1416.600508259121,inf
66,129,inf,inf,inf,675.3169626182953,inf
66,130,inf,inf,inf,823.0674334463732,inf
66,131,inf,inf,inf,1027.3796766531837,inf
66,132,inf,inf,inf,422.4038352098617,inf
66,133,inf,inf,inf,1356.0567834718427,inf
66,134,inf,inf,inf,533.944753696485,inf
66,135,inf,inf,inf,496.63870167356066,inf
66,136,inf,inf,inf,569.6613028809312,inf
66,137,inf,inf,inf,99.04039579888602,inf
66,138,inf,inf,inf,211.92923347193044,inf
66,139,inf,inf,inf,1032.322139644404,inf
66,140,inf,inf,inf,1078.6218058244513,inf
66,141,inf,inf,inf,645.0503856289057,inf
66,142,inf,inf,inf,1060.9731382085033,inf
66,143,inf,inf,inf,794.3834086887766,inf
66,144,inf,inf,inf,976.4061654864742,inf
66,145,inf,inf,inf,136.8575902169843,inf
66,146,inf,inf,inf,1196.1876943021944,inf
66,147,inf,inf,inf,591.6696713538729,inf
66,148,inf,inf,inf,373.56927068483566,inf
66,149,inf,inf,inf,245.01836665850175,inf
66,150,inf,inf,inf,974.8866600790063,inf
66,151,inf,inf,inf,394.7163538542582,inf
66,152,inf,inf,inf,1153.8548435570221,inf
66,153,inf,inf,inf,1203.1080583222772,inf
66,154,inf,inf,inf,1193.9719427189234,inf
66,155,inf,inf,inf,1166.5749011529435,inf
66,156,inf,inf,inf,1207.695739828538,inf
66,157,inf,inf,inf,432.1400236034612,inf
66,158,inf,inf,inf,1226.7293915122439,inf
66,159,inf,inf,inf,799.3509867386166,inf
66,160,inf,inf,inf,1131.5975432988532,inf
66,161,inf,inf,inf,677.9970501410754,inf
66,162,inf,inf,inf,743.9623646395024,inf
66,163,inf,inf,inf,853.8928504209413,inf
66,164,inf,inf,inf,623.1572835167699,inf
66,165,inf,inf,inf,385.25316351718647,inf
66,166,inf,inf,inf,755.2191734854194,inf
66,167,inf,inf,inf,453.5603598199472,inf
66,168,inf,inf,inf,1170.1777642734457,inf
66,169,inf,inf,inf,217.4235497824465,inf
66,170,inf,inf,inf,340.60093951720097,inf
67,68,inf,inf,inf,473.4258125620106,inf
67,69,inf,inf,inf,411.17514516322603,inf
67,70,inf,inf,inf,476.2394355783654,inf
67,71,inf,inf,inf,244.90202122481554,inf
67,72,inf,inf,inf,668.2095479712932,inf
67,73,inf,inf,inf,662.012084481847,inf
67,74,inf,inf,inf,385.0207786600614,inf
67,75,inf,inf,inf,330.57828119826627,inf
67,76,inf,inf,inf,693.8364360567987,inf
67,77,inf,inf,inf,475.3945729601885,inf
67,78,inf,inf,inf,462.4197227627732,inf
67,79,inf,inf,inf,619.22935976906,inf
67,80,inf,inf,inf,478.733746460389,inf
67,81,inf,inf,inf,645.2317413147,inf
67,82,inf,inf,inf,477.62432936357,inf
67,83,inf,inf,inf,386.90825785966365,inf
67,84,inf,inf,inf,594.4358670201522,inf
67,85,inf,inf,inf,829.9572278135784,inf
67,86,inf,inf,inf,487.15500613254505,inf
67,87,inf,inf,inf,445.56929876282993,inf
67,88,inf,inf,inf,429.31689927138905,inf
67,89,inf,inf,inf,155.9134375222354,inf
67,90,inf,inf,inf,780.2409884131953,inf
67,91,inf,inf,inf,260.4496112494699,inf
67,92,inf,inf,inf,770.9559001655024,inf
67,93,inf,inf,inf,623.6938351467008,inf
67,94,inf,inf,inf,307.4703237712544,inf
67,95,inf,inf,inf,714.4466390151192,inf
67,96,inf,inf,inf,604.2929753025431,inf
67,97,inf,inf,inf,653.5885555913597,inf
67,98,inf,inf,inf,657.1674063737489,inf
67,99,inf,inf,inf,330.6191162047349,inf
67,100,inf,inf,inf,686.0065597354007,inf
67,101,inf,inf,inf,555.5114760290736,inf
67,102,inf,inf,inf,252.5173261382276,inf
67,103,inf,inf,inf,621.7089351135304,inf
67,104,inf,inf,inf,381.5363678602605,inf
67,105,inf,inf,inf,725.9269935744228,inf
67,106,inf,inf,inf,683.1259034760723,inf
67,107,inf,inf,inf,366.0191251833707,inf
67,108,inf,inf,inf,188.0,inf
67,109,inf,inf,inf,217.97476918212345,inf
67,110,inf,inf,inf,532.6030416736277,inf
67,111,inf,inf,inf,645.9489143887464,inf
67,112,inf,inf,inf,381.55995597022496,inf
67,113,inf,inf,inf,401.01122178811903,inf
67,114,inf,inf,inf,650.4659868125312,inf
67,115,inf,inf,inf,747.4877925424602,inf
67,116,inf,inf,inf,566.3232292604639,inf
67,117,inf,inf,inf,45.27692569068709,inf
67,118,inf,inf,inf,183.76343488300387,inf
67,119,inf,inf,inf,528.5186846271379,inf
67,120,inf,inf,inf,536.6348851873124,inf
67,121,inf,inf,inf,138.82723075823418,inf
67,122,inf,inf,inf,330.3604092502611,inf
67,123,inf,inf,inf,644.003105582574,inf
67,124,inf,inf,inf,457.94759525517765,inf
67,125,inf,inf,inf,466.47293597806936,inf
67,126,inf,inf,inf,651.1973587170022,inf
67,127,inf,inf,inf,646.4278768741336,inf
67,128,inf,inf,inf,815.3631092954844,inf
67,129,inf,inf,inf,611.3010714860559,inf
67,130,inf,inf,inf,227.89910048089263,inf
67,131,inf,inf,inf,680.1860039724428,inf
67,132,inf,inf,inf,655.0122136265858,inf
67,133,inf,inf,inf,753.0046480600236,inf
67,134,inf,inf,inf,393.8591118661596,inf
67,135,inf,inf,inf,221.44976857066254,inf
67,136,inf,inf,inf,396.8727755843174,inf
67,137,inf,inf,inf,681.1615080140685,inf
67,138,inf,inf,inf,624.8103712327445,inf
67,139,inf,inf,inf,453.3486517019765,inf
67,140,inf,inf,inf,812.2050233777184,inf
67,141,inf,inf,inf,349.38231208806206,inf
67,142,inf,inf,inf,603.1401163908764,inf
67,143,inf,inf,inf,779.2541305633227,inf
67,144,inf,inf,inf,375.76721517450136,inf
67,145,inf,inf,inf,541.6899482176127,inf
67,146,inf,inf,inf,594.6805865336449,inf
67,147,inf,inf,inf,749.4991661102766,inf
67,148,inf,inf,inf,258.0620080523284,inf
67,149,inf,inf,inf,423.2682364647742,inf
67,150,inf,inf,inf,682.0923691113983,inf
67,151,inf,inf,inf,281.2561110447202,inf
67,152,inf,inf,inf,579.0,inf
67,153,inf,inf,inf,597.957356339062,inf
67,154,inf,inf,inf,590.7901488684455,inf
67,155,inf,inf,inf,559.504244845381,inf
67,156,inf,inf,inf,821.3531518171706,inf
67,157,inf,inf,inf,719.0584120918134,inf
67,158,inf,inf,inf,800.1031183541281,inf
67,159,inf,inf,inf,247.93547547698776,inf
67,160,inf,inf,inf,735.3672551861416,inf
67,161,inf,inf,inf,274.05473905772914,inf
67,162,inf,inf,inf,183.30848316430968,inf
67,163,inf,inf,inf,401.6279372752847,inf
67,164,inf,inf,inf,200.9601950635996,inf
67,165,inf,inf,inf,313.01437666663173,inf
67,166,inf,inf,inf,229.05457864884517,inf
67,167,inf,inf,inf,455.80368581221455,inf
67,168,inf,inf,inf,579.8016902355495,inf
67,169,inf,inf,inf,528.1145709029433,inf
67,170,inf,inf,inf,712.9691437923524,inf
68,69,inf,inf,inf,803.8911617874649,inf
68,70,inf,inf,inf,871.3208364316786,inf
68,71,inf,inf,inf,437.3705522780426,inf
68,72,inf,inf,inf,196.70282153543198,inf
68,73,inf,inf,inf,1005.3496904062785,inf
68,74,inf,inf,inf,434.7930542223507,inf
68,75,inf,inf,inf,765.4240654695932,inf
68,76,inf,inf,inf,419.81543563809083,inf
68,77,inf,inf,inf,318.57809089766357,inf
68,78,inf,inf,inf,830.2409288875127,inf
68,79,inf,inf,inf,333.2101439032131,inf
68,80,inf,inf,inf,788.9651449842382,inf
68,81,inf,inf,inf,182.0988742414406,inf
68,82,inf,inf,inf,950.9200807638883,inf
68,83,inf,inf,inf,636.4353855655734,inf
68,84,inf,inf,inf,513.1491011392303,inf
68,85,inf,inf,inf,1221.2358494574257,inf
68,86,inf,inf,inf,955.6924191391287,inf
68,87,inf,inf,inf,800.0,inf
68,88,inf,inf,inf,510.6397947673095,inf
68,89,inf,inf,inf,328.0015243867016,inf
68,90,inf,inf,inf,1190.2083851158166,inf
68,91,inf,inf,inf,671.8050312404634,inf
68,92,inf,inf,inf,1238.2717795379172,inf
68,93,inf,inf,inf,1084.0304423769658,inf
68,94,inf,inf,inf,762.743731537664,inf
68,95,inf,inf,inf,1101.2402099451326,inf
68,96,inf,inf,inf,840.8769232176609,inf
68,97,inf,inf,inf,556.7854164756832,inf
68,98,inf,inf,inf,217.52471123989568,inf
68,99,inf,inf,inf,638.2828526601667,inf
68,100,inf,inf,inf,1124.3366933441246,inf
68,101,inf,inf,inf,603.0530656584045,inf
68,102,inf,inf,inf,518.0241307120741,inf
68,103,inf,inf,inf,1005.3626211472157,inf
68,104,inf,inf,inf,837.8746923018979,inf
68,105,inf,inf,inf,1190.7182706249198,inf
68,106,inf,inf,inf,756.1487948810076,inf
68,107,inf,inf,inf,839.1007090927764,inf
68,108,inf,inf,inf,417.73197148410844,inf
68,109,inf,inf,inf,670.3379744576612,inf
68,110,inf,inf,inf,220.5130381632796,inf
68,111,inf,inf,inf,298.197920851236,inf
68,112,inf,inf,inf,362.66789215479224,inf
68,113,inf,inf,inf,665.5298640932651,inf
68,114,inf,inf,inf,234.9170066214875,inf
68,115,inf,inf,inf,650.2015072267981,inf
68,116,inf,inf,inf,607.0074134637896,inf
68,117,inf,inf,inf,435.22178254310757,inf
68,118,inf,inf,inf,651.448386290119,inf
68,119,inf,inf,inf,765.9399454265327,inf
68,120,inf,inf,inf,205.00975586542216,inf
68,121,inf,inf,inf,384.6621894597908,inf
68,122,inf,inf,inf,382.5728688759829,inf
68,123,inf,inf,inf,319.62478001556764,inf
68,124,inf,inf,inf,765.5847438396353,inf
68,125,inf,inf,inf,57.87054518492115,inf
68,126,inf,inf,inf,399.71239660535923,inf
68,127,inf,inf,inf,402.16538886383546,inf
68,128,inf,inf,inf,1048.0405526505165,inf
68,129,inf,inf,inf,213.86210510513544,inf
68,130,inf,inf,inf,463.00971912045213,inf
68,131,inf,inf,inf,292.15920317525513,inf
68,132,inf,inf,inf,470.91931368335275,inf
68,133,inf,inf,inf,982.3746739406508,inf
68,134,inf,inf,inf,201.3181561608391,inf
68,135,inf,inf,inf,649.8030470842684,inf
68,136,inf,inf,inf,165.74679484080528,inf
68,137,inf,inf,inf,751.2156814124689,inf
68,138,inf,inf,inf,604.1522986797286,inf
68,139,inf,inf,inf,521.5524901675765,inf
68,140,inf,inf,inf,1285.3050221639999,inf
68,141,inf,inf,inf,815.6273658969517,inf
68,142,inf,inf,inf,1046.6527599925394,inf
68,143,inf,inf,inf,1221.1752535979429,inf
68,144,inf,inf,inf,692.6073923948545,inf
68,145,inf,inf,inf,604.6486583132389,inf
68,146,inf,inf,inf,857.6951672943015,inf
68,147,inf,inf,inf,1135.4721484915426,inf
68,148,inf,inf,inf,592.0135133592813,inf
68,149,inf,inf,inf,492.86915099243123,inf
68,150,inf,inf,inf,1155.163191934369,inf
68,151,inf,inf,inf,648.2784895397965,inf
68,152,inf,inf,inf,921.8899066591412,inf
68,153,inf,inf,inf,753.8945549611033,inf
68,154,inf,inf,inf,844.5099170524879,inf
68,155,inf,inf,inf,758.6494579184777,inf
68,156,inf,inf,inf,1277.6012680018755,inf
68,157,inf,inf,inf,1047.9317725882731,inf
68,158,inf,inf,inf,1244.206172625743,inf
68,159,inf,inf,inf,684.6342089028271,inf
68,160,inf,inf,inf,1192.3980040238243,inf
68,161,inf,inf,inf,747.3218851338424,inf
68,162,inf,inf,inf,628.6636620642233,inf
68,163,inf,inf,inf,863.2456197398282,inf
68,164,inf,inf,inf,272.472016911829,inf
68,165,inf,inf,inf,679.0360815155555,inf
68,166,inf,inf,inf,685.1175081692191,inf
68,167,inf,inf,inf,294.0901222414653,inf
68,168,inf,inf,inf,887.5640821935057,inf
68,169,inf,inf,inf,534.1582162618113,inf
68,170,inf,inf,inf,999.6484382021512,inf
69,70,inf,inf,inf,68.06614430096654,inf
69,71,inf,inf,inf,375.73660987452365,inf
69,72,inf,inf,inf,996.315713014705,inf
69,73,inf,inf,inf,258.3118270617898,inf
69,74,inf,inf,inf,792.9552320276347,inf
69,75,inf,inf,inf,507.9025497081108,inf
69,76,inf,inf,inf,832.1069642780308,inf
69,77,inf,inf,inf,635.5666762818831,inf
69,78,inf,inf,inf,66.18912297349165,inf
69,79,inf,inf,inf,1019.1172650877818,inf
69,80,inf,inf,inf,158.71042813879623,inf
69,81,inf,inf,inf,940.3387687424145,inf
69,82,inf,inf,inf,363.5519220138989,inf
69,83,inf,inf,inf,245.3915238959977,inf
69,84,inf,inf,inf,1003.9945218974055,inf
69,85,inf,inf,inf,424.5774369888254,inf
69,86,inf,inf,inf,300.4080558174165,inf
69,87,inf,inf,inf,79.0,inf
69,88,inf,inf,inf,828.6857064050279,inf
69,89,inf,inf,inf,549.5980349309848,inf
69,90,inf,inf,inf,386.57082145449107,inf
69,91,inf,inf,inf,520.735057394833,inf
69,92,inf,inf,inf,512.0703076726867,inf
69,93,inf,inf,inf,347.9727000786125,inf
69,94,inf,inf,inf,181.1767093199344,inf
69,95,inf,inf,inf,306.16498820080653,inf
69,96,inf,inf,inf,915.0546431771165,inf
69,97,inf,inf,inf,1062.843826721499,inf
69,98,inf,inf,inf,1014.7886479459652,inf
69,99,inf,inf,inf,189.33568073662187,inf
69,100,inf,inf,inf,334.5743564590687,inf
69,101,inf,inf,inf,949.6525680479151,inf
69,102,inf,inf,inf,294.24479604574145,inf
69,103,inf,inf,inf,211.49231664530984,inf
69,104,inf,inf,inf,469.6008943773425,inf
69,105,inf,inf,inf,457.54234776684876,inf
69,106,inf,inf,inf,1059.5064888899926,inf
69,107,inf,inf,inf,347.74847231871485,inf
69,108,inf,inf,inf,386.18259929727543,inf
69,109,inf,inf,inf,430.74354319014463,inf
69,110,inf,inf,inf,757.8317755280522,inf
69,111,inf,inf,inf,1035.077291799989,inf
69,112,inf,inf,inf,792.7200010091835,inf
69,113,inf,inf,inf,222.40728405337808,inf
69,114,inf,inf,inf,1019.0176642237366,inf
69,115,inf,inf,inf,727.2695511294282,inf
69,116,inf,inf,inf,961.0374602480384,inf
69,117,inf,inf,inf,421.0855020064215,inf
69,118,inf,inf,inf,274.7216773390844,inf
69,119,inf,inf,inf,275.1817581163403,inf
69,120,inf,inf,inf,771.4207671562907,inf
69,121,inf,inf,inf,427.2633848108213,inf
69,122,inf,inf,inf,467.07708143303284,inf
69,123,inf,inf,inf,1038.1758039946799,inf
69,124,inf,inf,inf,157.64834283937145,inf
69,125,inf,inf,inf,818.3520025025906,inf
69,126,inf,inf,inf,1056.9905392197227,inf
69,127,inf,inf,inf,1052.8485171191533,inf
69,128,inf,inf,inf,474.54609891979936,inf
69,129,inf,inf,inf,984.4572108527623,inf
69,130,inf,inf,inf,345.46345682285994,inf
69,131,inf,inf,inf,905.0834215695259,inf
69,132,inf,inf,inf,1065.706338537967,inf
69,133,inf,inf,inf,426.0575078554537,inf
69,134,inf,inf,inf,786.3650551747579,inf
69,135,inf,inf,inf,480.916832726824,inf
69,136,inf,inf,inf,780.6414029501638,inf
69,137,inf,inf,inf,1058.6349701384327,inf
69,138,inf,inf,inf,1026.8188739987204,inf
69,139,inf,inf,inf,447.2694937059759,inf
69,140,inf,inf,inf,609.4341637945809,inf
69,141,inf,inf,inf,410.78583227759935,inf
69,142,inf,inf,inf,271.22131184698594,inf
69,143,inf,inf,inf,788.4415006834686,inf
69,144,inf,inf,inf,152.73506473629428,inf
69,145,inf,inf,inf,933.6000214224505,inf
69,146,inf,inf,inf,277.2183255125822,inf
69,147,inf,inf,inf,881.3546391776695,inf
69,148,inf,inf,inf,598.5925158235776,inf
69,149,inf,inf,inf,825.3320543878082,inf
69,150,inf,inf,inf,498.7233702163956,inf
69,151,inf,inf,inf,583.09518948453,inf
69,152,inf,inf,inf,182.87700784953805,inf
69,153,inf,inf,inf,400.681918733551,inf
69,154,inf,inf,inf,285.63263118908526,inf
69,155,inf,inf,inf,334.21549934136806,inf
69,156,inf,inf,inf,508.97740617830965,inf
69,157,inf,inf,inf,931.2625838075961,inf
69,158,inf,inf,inf,456.0109647804535,inf
69,159,inf,inf,inf,173.80736463107655,inf
69,160,inf,inf,inf,432.0416646574726,inf
69,161,inf,inf,inf,324.2606975876047,inf
69,162,inf,inf,inf,234.8041737278109,inf
69,163,inf,inf,inf,214.3361845326169,inf
69,164,inf,inf,inf,562.2277118748239,inf
69,165,inf,inf,inf,601.1397508067488,inf
69,166,inf,inf,inf,217.0921463342237,inf
69,167,inf,inf,inf,861.7389395866941,inf
69,168,inf,inf,inf,216.8985938174796,inf
69,169,inf,inf,inf,931.6619558616741,inf
69,170,inf,inf,inf,967.4967700204481,inf
70,71,inf,inf,inf,441.13149966874954,inf
70,72,inf,inf,inf,1063.257259556689,inf
70,73,inf,inf,inf,207.17142660125697,inf
70,74,inf,inf,inf,855.839354084632,inf
70,75,inf,inf,inf,546.1886121112376,inf
70,76,inf,inf,inf,886.8444057443222,inf
70,77,inf,inf,inf,695.3589001371881,inf
70,78,inf,inf,inf,67.67569726275453,inf
70,79,inf,inf,inf,1086.5638499416405,inf
70,80,inf,inf,inf,175.82377541163197,inf
70,81,inf,inf,inf,1005.906556296359,inf
70,82,inf,inf,inf,364.8575064323057,inf
70,83,inf,inf,inf,295.0423698386386,inf
70,84,inf,inf,inf,1067.270350005096,inf
70,85,inf,inf,inf,356.8094729684177,inf
70,86,inf,inf,inf,292.33542378576016,inf
70,87,inf,inf,inf,101.9803902718557,inf
70,88,inf,inf,inf,889.2294417078193,inf
70,89,inf,inf,inf,616.7860244849911,inf
70,90,inf,inf,inf,318.90437438203946,inf
70,91,inf,inf,inf,568.5296826024125,inf
70,92,inf,inf,inf,470.02659499224086,inf
70,93,inf,inf,inf,310.074184671991,inf
70,94,inf,inf,inf,221.16509670379727,inf
70,95,inf,inf,inf,238.9518780005715,inf
70,96,inf,inf,inf,960.242677660184,inf
70,97,inf,inf,inf,1125.917403720184,inf
70,98,inf,inf,inf,1082.6324399351795,inf
70,99,inf,inf,inf,248.84734276258607,inf
70,100,inf,inf,inf,276.34217919094436,inf
70,101,inf,inf,inf,1008.6272849769631,inf
70,102,inf,inf,inf,359.25060890693004,inf
70,103,inf,inf,inf,145.49914089093448,inf
70,104,inf,inf,inf,497.8212530617792,inf
70,105,inf,inf,inf,415.40582566930857,inf
70,106,inf,inf,inf,1114.4904665361655,inf
70,107,inf,inf,inf,370.8503741402993,inf
70,108,inf,inf,inf,453.5945325949157,inf
70,109,inf,inf,inf,478.715990959149,inf
70,110,inf,inf,inf,820.4596272821716,inf
70,111,inf,inf,inf,1103.0113326707028,inf
70,112,inf,inf,inf,857.6852569561867,inf
70,113,inf,inf,inf,268.77871939571406,inf
70,114,inf,inf,inf,1087.0372578711367,inf
70,115,inf,inf,inf,765.4083877251411,inf
70,116,inf,inf,inf,1020.0990148019946,inf
70,117,inf,inf,inf,487.79708896220365,inf
70,118,inf,inf,inf,330.0802932621092,inf
70,119,inf,inf,inf,294.3331445828009,inf
70,120,inf,inf,inf,834.5280103148126,inf
70,121,inf,inf,inf,495.3271646094125,inf
70,122,inf,inf,inf,529.4619910815129,inf
70,123,inf,inf,inf,1105.9475575270285,inf
70,124,inf,inf,inf,183.6736235827017,inf
70,125,inf,inf,inf,886.2488363885168,inf
70,126,inf,inf,inf,1123.8478544714137,inf
70,127,inf,inf,inf,1119.6075205177929,inf
70,128,inf,inf,inf,449.4941601400401,inf
70,129,inf,inf,inf,1052.5174582875097,inf
70,130,inf,inf,inf,411.5264268549469,inf
70,131,inf,inf,inf,966.3979511567685,inf
70,132,inf,inf,inf,1131.2139497018236,inf
70,133,inf,inf,inf,408.14213210596137,inf
70,134,inf,inf,inf,854.0497643580262,inf
70,135,inf,inf,inf,530.6486596609851,inf
70,136,inf,inf,inf,848.5752765665519,inf
70,137,inf,inf,inf,1113.8316748952689,inf
70,138,inf,inf,inf,1087.4741376235115,inf
70,139,inf,inf,inf,497.6032556163595,inf
70,140,inf,inf,inf,576.0703082089893,inf
70,141,inf,inf,inf,440.07272126320214,inf
70,142,inf,inf,inf,222.19360926903366,inf
70,143,inf,inf,inf,789.0228133583971,inf
70,144,inf,inf,inf,204.94145505485218,inf
70,145,inf,inf,inf,992.1612772125306,inf
70,146,inf,inf,inf,273.99452549275503,inf
70,147,inf,inf,inf,899.773860478287,inf
70,148,inf,inf,inf,652.8828378813461,inf
70,149,inf,inf,inf,886.5077551832245,inf
70,150,inf,inf,inf,473.9134942159803,inf
70,151,inf,inf,inf,633.2906125942496,inf
70,152,inf,inf,inf,144.66858677681205,inf
70,153,inf,inf,inf,421.8589811773598,inf
70,154,inf,inf,inf,286.2254356272342,inf
70,155,inf,inf,inf,354.31765409022455,inf
70,156,inf,inf,inf,455.2812317677943,inf
70,157,inf,inf,inf,961.245546153531,inf
70,158,inf,inf,inf,396.5766004191372,inf
70,159,inf,inf,inf,233.45235059857504,inf
70,160,inf,inf,inf,382.57678967757573,inf
70,161,inf,inf,inf,363.00137740785505,inf
70,162,inf,inf,inf,296.7861182737495,inf
70,163,inf,inf,inf,224.1093483101497,inf
70,164,inf,inf,inf,630.2324967819416,inf
70,165,inf,inf,inf,649.1486732636831,inf
70,166,inf,inf,inf,271.57687677709237,inf
70,167,inf,inf,inf,928.4745553864144,inf
70,168,inf,inf,inf,199.3037882229036,inf
70,169,inf,inf,inf,992.9375609775269,inf
70,170,inf,inf,inf,1003.4385880560902,inf
71,72,inf,inf,inf,624.6959260312173,inf
71,73,inf,inf,inf,568.6132253122504,inf
71,74,inf,inf,inf,565.3635998187361,inf
71,75,inf,inf,inf,556.1016094204367,inf
71,76,inf,inf,inf,497.3047355495421,inf
71,77,inf,inf,inf,280.7436553156634,inf
71,78,inf,inf,inf,394.83287603744446,inf
71,79,inf,inf,inf,698.8633628972118,inf
71,80,inf,inf,inf,353.30581653859025,inf
71,81,inf,inf,inf,564.7804883315287,inf
71,82,inf,inf,inf,612.0457499239742,inf
71,83,inf,inf,inf,207.6174366473105,inf
71,84,inf,inf,inf,754.761551749955,inf
71,85,inf,inf,inf,785.1241939973573,inf
71,86,inf,inf,inf,589.0848835269837,inf
71,87,inf,inf,inf,363.4460069941614,inf
71,88,inf,inf,inf,627.0901051683084,inf
71,89,inf,inf,inf,275.81152985326776,inf
71,90,inf,inf,inf,758.2380892569299,inf
71,91,inf,inf,inf,500.02499937503126,inf
71,92,inf,inf,inf,855.6740033447318,inf
71,93,inf,inf,inf,692.3474561230076,inf
71,94,inf,inf,inf,387.1911672546263,inf
71,95,inf,inf,inf,665.2646090090769,inf
71,96,inf,inf,inf,845.5560300772504,inf
71,97,inf,inf,inf,813.1451284979822,inf
71,98,inf,inf,inf,653.490627323759,inf
71,99,inf,inf,inf,201.0024875467963,inf
71,100,inf,inf,inf,707.3231227663916,inf
71,101,inf,inf,inf,754.7728135008574,inf
71,102,inf,inf,inf,82.03657720797473,inf
71,103,inf,inf,inf,569.7797820210893,inf
71,104,inf,inf,inf,584.3842913699854,inf
71,105,inf,inf,inf,803.5850919473307,inf
71,106,inf,inf,inf,896.3146768853002,inf
71,107,inf,inf,inf,524.4702088774919,inf
71,108,inf,inf,inf,59.80802621722272,inf
71,109,inf,inf,inf,440.501986374636,inf
71,110,inf,inf,inf,386.9431482789171,inf
71,111,inf,inf,inf,698.0236385682078,inf
71,112,inf,inf,inf,533.8698343229369,inf
71,113,inf,inf,inf,234.3266950221421,inf
71,114,inf,inf,inf,664.0368965652435,inf
71,115,inf,inf,inf,505.2850680556472,inf
71,116,inf,inf,inf,764.3461257833391,inf
71,117,inf,inf,inf,209.6687864227768,inf
71,118,inf,inf,inf,322.8652969893172,inf
71,119,inf,inf,inf,350.15567966263234,inf
71,120,inf,inf,inf,398.9786961731165,inf
71,121,inf,inf,inf,128.9961239727768,inf
71,122,inf,inf,inf,107.29864864013899,inf
71,123,inf,inf,inf,707.6644685159769,inf
71,124,inf,inf,inf,329.78932669205653,inf
71,125,inf,inf,inf,460.81883642056124,inf
71,126,inf,inf,inf,749.2029097647712,inf
71,127,inf,inf,inf,747.1813702174326,inf
71,128,inf,inf,inf,644.9061947291249,inf
71,129,inf,inf,inf,633.8532953294476,inf
71,130,inf,inf,inf,33.421549934136806,inf
71,131,inf,inf,inf,537.4923255266069,inf
71,132,inf,inf,inf,781.6111565222185,inf
71,133,inf,inf,inf,578.9827285852316,inf
71,134,inf,inf,inf,467.88887569592845,inf
71,135,inf,inf,inf,458.0229251904319,inf
71,136,inf,inf,inf,451.3236089548164,inf
71,137,inf,inf,inf,893.5244820372859,inf
71,138,inf,inf,inf,808.0748727686067,inf
71,139,inf,inf,inf,208.78697277368624,inf
71,140,inf,inf,inf,928.2801301331403,inf
71,141,inf,inf,inf,538.1050083394504,inf
71,142,inf,inf,inf,636.2177300264431,inf
71,143,inf,inf,inf,979.9561214666705,inf
71,144,inf,inf,inf,255.23714463220279,inf
71,145,inf,inf,inf,744.4225950359111,inf
71,146,inf,inf,inf,435.9908255915484,inf
71,147,inf,inf,inf,981.3663943706244,inf
71,148,inf,inf,inf,501.25941387668723,inf
71,149,inf,inf,inf,616.4746547912574,inf
71,150,inf,inf,inf,802.0953808619022,inf
71,151,inf,inf,inf,526.0361204328083,inf
71,152,inf,inf,inf,484.73704211665114,inf
71,153,inf,inf,inf,382.68524925844736,inf
71,154,inf,inf,inf,425.7557985512352,inf
71,155,inf,inf,inf,361.23399618529817,inf
71,156,inf,inf,inf,874.0572063658076,inf
71,157,inf,inf,inf,962.168384431748,inf
71,158,inf,inf,inf,828.9028893664203,inf
71,159,inf,inf,inf,299.54799281584246,inf
71,160,inf,inf,inf,792.051765985027,inf
71,161,inf,inf,inf,440.4781492877938,inf
71,162,inf,inf,inf,268.00186566514793,inf
71,163,inf,inf,inf,487.18169095318024,inf
71,164,inf,inf,inf,245.80073230159425,inf
71,165,inf,inf,inf,557.5168158898887,inf
71,166,inf,inf,inf,324.4456811239749,inf
71,167,inf,inf,inf,564.698149456858,inf
71,168,inf,inf,inf,454.30056130275693,inf
71,169,inf,inf,inf,712.1825608648389,inf
71,170,inf,inf,inf,957.8684669619311,inf
72,73,inf,inf,inf,1188.136355811066,inf
72,74,inf,inf,inf,560.9179975718376,inf
72,75,inf,inf,inf,948.1402849789687,inf
72,76,inf,inf,inf,456.61033715850107,inf
72,77,inf,inf,inf,447.86605140376514,inf
72,78,inf,inf,inf,1019.4665271601614,inf
72,79,inf,inf,inf,329.38882798297817,inf
72,80,inf,inf,inf,971.1158530268158,inf
72,81,inf,inf,inf,106.15083607772479,inf
72,82,inf,inf,inf,1145.7997207191142,inf
72,83,inf,inf,inf,815.6678245462426,inf
72,84,inf,inf,inf,569.9561386633186,inf
72,85,inf,inf,inf,1409.7492684871306,inf
72,86,inf,inf,inf,1152.062498304671,inf
72,87,inf,inf,inf,988.0748959466584,inf
72,88,inf,inf,inf,629.7340708584854,inf
72,89,inf,inf,inf,518.8458345211995,inf
72,90,inf,inf,inf,1381.7669846974923,inf
72,91,inf,inf,inf,852.0856764433962,inf
72,92,inf,inf,inf,1434.841106185629,inf
72,93,inf,inf,inf,1280.7224523681937,inf
72,94,inf,inf,inf,959.4425464820705,inf
72,95,inf,inf,inf,1289.9372077740838,inf
72,96,inf,inf,inf,969.1243470267374,inf
72,97,inf,inf,inf,597.5232213060845,inf
72,98,inf,inf,inf,106.7379969832674,inf
72,99,inf,inf,inf,825.227847324604,inf
72,100,inf,inf,inf,1319.588193339119,inf
72,101,inf,inf,inf,694.640194633164,inf
72,102,inf,inf,inf,706.4679752118988,inf
72,103,inf,inf,inf,1194.4714312196838,inf
72,104,inf,inf,inf,1025.1058481932487,inf
72,105,inf,inf,inf,1387.3954014627552,inf
72,106,inf,inf,inf,837.6401375292376,inf
72,107,inf,inf,inf,1032.8881836868886,inf
72,108,inf,inf,inf,610.5800520816251,inf
72,109,inf,inf,inf,858.6763068817027,inf
72,110,inf,inf,inf,311.746692043396,inf
72,111,inf,inf,inf,258.6000773395089,inf
72,112,inf,inf,inf,487.46281909495417,inf
72,113,inf,inf,inf,845.4974866905283,inf
72,114,inf,inf,inf,152.6106156202772,inf
72,115,inf,inf,inf,734.4889379697968,inf
72,116,inf,inf,inf,695.5070093104741,inf
72,117,inf,inf,inf,631.0641805711999,inf
72,118,inf,inf,inf,847.6160687481096,inf
72,119,inf,inf,inf,936.5148156863296,inf
72,120,inf,inf,inf,291.62475889402805,inf
72,121,inf,inf,inf,580.9001635393125,inf
72,122,inf,inf,inf,556.2319659997976,inf
72,123,inf,inf,inf,291.0463880552377,inf
72,124,inf,inf,inf,948.05274114893,inf
72,125,inf,inf,inf,205.8761763779384,inf
72,126,inf,inf,inf,395.1328890386119,inf
72,127,inf,inf,inf,401.52833025827704,inf
72,128,inf,inf,inf,1207.342950449457,inf
72,129,inf,inf,inf,173.0115603073968,inf
72,130,inf,inf,inf,652.4492317414437,inf
72,131,inf,inf,inf,277.72108310317384,inf
72,132,inf,inf,inf,486.5439342957633,inf
72,133,inf,inf,inf,1142.9085702714806,inf
72,134,inf,inf,inf,336.71501303030726,inf
72,135,inf,inf,inf,834.002398078087,inf
72,136,inf,inf,inf,309.97419247414774,inf
72,137,inf,inf,inf,832.1352053602828,inf
72,138,inf,inf,inf,669.5102687786051,inf
72,139,inf,inf,inf,676.201892928436,inf
72,140,inf,inf,inf,1480.4137935050458,inf
72,141,inf,inf,inf,1006.1510820945332,inf
72,142,inf,inf,inf,1242.5111669518305,inf
72,143,inf,inf,inf,1400.4802747629114,inf
72,144,inf,inf,inf,878.6973312808,inf
72,145,inf,inf,inf,701.4413731738384,inf
72,146,inf,inf,inf,1029.4974502153952,inf
72,147,inf,inf,inf,1297.5180152891905,inf
72,148,inf,inf,inf,762.2624220043908,inf
72,149,inf,inf,inf,611.8202350364035,inf
72,150,inf,inf,inf,1350.3014478256327,inf
72,151,inf,inf,inf,821.0608990811827,inf
72,152,inf,inf,inf,1106.0113019314042,inf
72,153,inf,inf,inf,907.848555652318,inf
72,154,inf,inf,inf,1014.9822658549261,inf
72,155,inf,inf,inf,921.9419721435835,inf
72,156,inf,inf,inf,1474.0993860659464,inf
72,157,inf,inf,inf,1194.5480316839503,inf
72,158,inf,inf,inf,1439.8003333795975,inf
72,159,inf,inf,inf,881.0402941977171,inf
72,160,inf,inf,inf,1388.9683221729717,inf
72,161,inf,inf,inf,941.4510077534571,inf
72,162,inf,inf,inf,825.354469303947,inf
72,163,inf,inf,inf,1059.9306581092935,inf
72,164,inf,inf,inf,467.68044645890427,inf
72,165,inf,inf,inf,849.9470571747396,inf
72,166,inf,inf,inf,881.8083692050104,inf
72,167,inf,inf,inf,386.700142229092,inf
72,168,inf,inf,inf,1066.6330203026719,inf
72,169,inf,inf,inf,622.5214855729881,inf
72,170,inf,inf,inf,1135.0634343506974,inf
73,74,inf,inf,inf,1046.5605572540942,inf
73,75,inf,inf,inf,752.6446704787061,inf
73,76,inf,inf,inf,937.3158485804025,inf
73,77,inf,inf,inf,777.2901646103596,inf
73,78,inf,inf,inf,199.96999774966244,inf
73,79,inf,inf,inf,1253.0063846605092,inf
73,80,inf,inf,inf,217.02073633641555,inf
73,81,inf,inf,inf,1117.6117393800048,inf
73,82,inf,inf,inf,545.6784767608119,inf
73,83,inf,inf,inf,373.3014867369269,inf
73,84,inf,inf,inf,1256.446576659748,inf
73,85,inf,inf,inf,243.30433617179946,inf
73,86,inf,inf,inf,465.72524088780074,inf
73,87,inf,inf,inf,218.00917411888886,inf
73,88,inf,inf,inf,1085.1824731352788,inf
73,89,inf,inf,inf,789.5600040528902,inf
73,90,inf,inf,inf,258.80494585691366,inf
73,91,inf,inf,inf,775.2793045090266,inf
73,92,inf,inf,inf,552.326895959268,inf
73,93,inf,inf,inf,423.8608262153982,inf
73,94,inf,inf,inf,428.32931256219206,inf
73,95,inf,inf,inf,144.31216164966833,inf
73,96,inf,inf,inf,1167.4116668939025,inf
73,97,inf,inf,inf,1315.5964426829375,inf
73,98,inf,inf,inf,1222.0053191373595,inf
73,99,inf,inf,inf,369.4116944548453,inf
73,100,inf,inf,inf,320.97507691408066,inf
73,101,inf,inf,inf,1207.170659020505,inf
73,102,inf,inf,inf,490.0867270188002,inf
73,103,inf,inf,inf,109.04127658827184,inf
73,104,inf,inf,inf,700.1785486574121,inf
73,105,inf,inf,inf,502.80214796677234,inf
73,106,inf,inf,inf,1317.7757775888886,inf
73,107,inf,inf,inf,571.5120296196748,inf
73,108,inf,inf,inf,598.1605135747427,inf
73,109,inf,inf,inf,685.3473571846615,inf
73,110,inf,inf,inf,914.5151720994027,inf
73,111,inf,inf,inf,1260.908402700212,inf
73,112,inf,inf,inf,1041.5066010352502,inf
73,113,inf,inf,inf,343.17633951075356,inf
73,114,inf,inf,inf,1232.36763995165,inf
73,115,inf,inf,inf,753.9827584235597,inf
73,116,inf,inf,inf,1218.5015387762135,inf
73,117,inf,inf,inf,665.7642225292675,inf
73,118,inf,inf,inf,532.786073391563,inf
73,119,inf,inf,inf,281.5386296762844,inf
73,120,inf,inf,inf,931.283522886559,inf
73,121,inf,inf,inf,653.1592455136803,inf
73,122,inf,inf,inf,633.2850858815483,inf
73,123,inf,inf,inf,1267.4920118091475,inf
73,124,inf,inf,inf,240.13329631685815,inf
73,125,inf,inf,inf,1029.1593656961006,inf
73,126,inf,inf,inf,1295.902002467779,inf
73,127,inf,inf,inf,1292.4600574098993,inf
73,128,inf,inf,inf,276.52305509667724,inf
73,129,inf,inf,inf,1201.2813991733994,inf
73,130,inf,inf,inf,545.6610669637334,inf
73,131,inf,inf,inf,1049.0305047995507,inf
73,132,inf,inf,inf,1311.6924182139653,inf
73,133,inf,inf,inf,257.47232861028,inf
73,134,inf,inf,inf,1018.8056733253894,inf
73,135,inf,inf,inf,736.806623205845,inf
73,136,inf,inf,inf,1008.4641788382967,inf
73,137,inf,inf,inf,1316.9240676667732,inf
73,138,inf,inf,inf,1283.021433959698,inf
73,139,inf,inf,inf,549.6589851899084,inf
73,140,inf,inf,inf,677.6938836967618,inf
73,141,inf,inf,inf,643.4718331053815,inf
73,142,inf,inf,inf,321.4498405661449,inf
73,143,inf,inf,inf,957.2925362709144,inf
73,144,inf,inf,inf,314.49801271232224,inf
73,145,inf,inf,inf,1191.3320276060742,inf
73,146,inf,inf,inf,202.20039564748632,inf
73,147,inf,inf,inf,1091.0164985003664,inf
73,148,inf,inf,inf,856.6586251243841,inf
73,149,inf,inf,inf,1081.214132353069,inf
73,150,inf,inf,inf,603.6969438385455,inf
73,151,inf,inf,inf,839.3598751429568,inf
73,152,inf,inf,inf,85.16454661418682,inf
73,153,inf,inf,inf,384.8960898736177,inf
73,154,inf,inf,inf,221.05429197371402,inf
73,155,inf,inf,inf,327.4522866006588,inf
73,156,inf,inf,inf,492.41141335269634,inf
73,157,inf,inf,inf,1162.7058957449215,inf
73,158,inf,inf,inf,409.71819583709,inf
73,159,inf,inf,inf,432.0416646574726,inf
73,160,inf,inf,inf,447.4650824366076,inf
73,161,inf,inf,inf,569.914028604315,inf
73,162,inf,inf,inf,491.79873932331304,inf
73,163,inf,inf,inf,420.38672671719786,inf
73,164,inf,inf,inf,790.6737633183486,inf
73,165,inf,inf,inf,855.8983584515162,inf
73,166,inf,inf,inf,474.78205526325445,inf
73,167,inf,inf,inf,1102.3815129073964,inf
73,168,inf,inf,inf,129.65338406690356,inf
73,169,inf,inf,inf,1187.299877874162,inf
73,170,inf,inf,inf,1208.3563216204068,inf
74,75,inf,inf,inf,480.31343932894487,inf
74,76,inf,inf,inf,828.697773618344,inf
74,77,inf,inf,inf,657.1156671393553,inf
74,78,inf,inf,inf,846.6906164591645,inf
74,79,inf,inf,inf,330.82019285406386,inf
74,80,inf,inf,inf,861.5271324804577,inf
74,81,inf,inf,inf,602.5155599650518,inf
74,82,inf,inf,inf,756.1296185178835,inf
74,83,inf,inf,inf,753.1885554096,inf
74,84,inf,inf,inf,211.72859986312668,inf
74,85,inf,inf,inf,1203.1458764422541,inf
74,86,inf,inf,inf,797.1129154643023,inf
74,87,inf,inf,inf,830.5690820154576,inf
74,88,inf,inf,inf,77.00649323271382,inf
74,89,inf,inf,inf,289.61353559528254,inf
74,90,inf,inf,inf,1146.331976348911,inf
74,91,inf,inf,inf,385.9391143690932,inf
74,92,inf,inf,inf,1067.2478624949315,inf
74,93,inf,inf,inf,945.8271512279609,inf
74,94,inf,inf,inf,661.804351753598,inf
74,95,inf,inf,inf,1091.1484775226513,inf
74,96,inf,inf,inf,409.84997255093236,inf
74,97,inf,inf,inf,270.09813031563175,inf
74,98,inf,inf,inf,490.2754327926293,inf
74,99,inf,inf,inf,708.2556035782562,inf
74,100,inf,inf,inf,1035.1009612593352,inf
74,101,inf,inf,inf,193.82982226685345,inf
74,102,inf,inf,inf,609.526045382804,inf
74,103,inf,inf,inf,1000.9620372421723,inf
74,104,inf,inf,inf,574.5928993644109,inf
74,105,inf,inf,inf,1032.1748882820198,inf
74,106,inf,inf,inf,345.4041111509821,inf
74,107,inf,inf,inf,640.0382801051825,inf
74,108,inf,inf,inf,508.70915069418595,inf
74,109,inf,inf,inf,441.1915683691156,inf
74,110,inf,inf,inf,625.0511979030198,inf
74,111,inf,inf,inf,393.80325036748997,inf
74,112,1.0,80.8406,80.84062043356589,73.92563831310488,1.093539701222102
74,113,inf,inf,inf,772.3632565056419,inf
74,114,inf,inf,inf,458.1670001211349,inf
74,115,inf,inf,inf,993.9884305161705,inf
74,116,inf,inf,inf,202.1410398706804,inf
74,117,inf,inf,inf,388.2743875148089,inf
74,118,inf,inf,inf,534.4623466625128,inf
74,119,inf,inf,inf,899.1557151016725,inf
74,120,inf,inf,inf,616.081163484163,inf
74,121,inf,inf,inf,438.20086718307624,inf
74,122,inf,inf,inf,597.706449689143,inf
74,123,inf,inf,inf,374.20448955083367,inf
74,124,inf,inf,inf,840.0148808205721,inf
74,125,inf,inf,inf,385.5723019097715,inf
74,126,inf,inf,inf,328.64114167279786,inf
74,127,inf,inf,inf,320.8800398902992,inf
74,128,inf,inf,inf,1192.082211930033,inf
74,129,inf,inf,inf,417.0491577739967,inf
74,130,inf,inf,inf,565.9549452032379,inf
74,131,inf,inf,inf,725.8498467314022,inf
74,132,inf,inf,inf,296.0270257932542,inf
74,133,inf,inf,inf,1128.0234926631626,inf
74,134,inf,inf,inf,234.88720697390056,inf
74,135,inf,inf,inf,393.1831634238679,inf
74,136,inf,inf,inf,269.4679943889441,inf
74,137,inf,inf,inf,341.5406271587613,inf
74,138,inf,inf,inf,243.95286429964293,inf
74,139,inf,inf,inf,754.9543032528525,inf
74,140,inf,inf,inf,1071.1283769931595,inf
74,141,inf,inf,inf,582.5160941982633,inf
74,142,inf,inf,inf,950.5750890908092,inf
74,143,inf,inf,inf,890.6997249354016,inf
74,144,inf,inf,inf,757.0006605016933,inf
74,145,inf,inf,inf,187.52333188166213,inf
74,146,inf,inf,inf,972.824752974553,inf
74,147,inf,inf,inf,751.1724169589828,inf
74,148,inf,inf,inf,269.675731203236,inf
74,149,inf,inf,inf,60.207972893961475,inf
74,150,inf,inf,inf,948.7681487065214,inf
74,151,inf,inf,inf,327.1849629796577,inf
74,152,inf,inf,inf,963.9055970373862,inf
74,153,inf,inf,inf,947.7489118959726,inf
74,154,inf,inf,inf,967.0822095354665,inf
74,155,inf,inf,inf,921.0874008474983,inf
74,156,inf,inf,inf,1142.1471008587291,inf
74,157,inf,inf,inf,635.411677576042,inf
74,158,inf,inf,inf,1139.0118524405266,inf
74,159,inf,inf,inf,622.7880859489848,inf
74,160,inf,inf,inf,1058.2598924649842,inf
74,161,inf,inf,inf,567.0775961012743,inf
74,162,inf,inf,inf,559.0536646870316,inf
74,163,inf,inf,inf,737.098365213219,inf
74,164,inf,inf,inf,334.0928014788705,inf
74,165,inf,inf,inf,345.028984289726,inf
74,166,inf,inf,inf,591.0913634963719,inf
74,167,inf,inf,inf,181.2181006411887,inf
74,168,inf,inf,inf,963.6726622666018,inf
74,169,inf,inf,inf,147.18695594379278,inf
74,170,inf,inf,inf,574.2786779952744,inf
75,76,inf,inf,inf,1024.414466902923,inf
75,77,inf,inf,inf,805.7059016787701,inf
75,78,inf,inf,inf,574.0679402300742,inf
75,79,inf,inf,inf,802.2973264320404,inf
75,80,inf,inf,inf,645.6004956627589,inf
75,81,inf,inf,inf,946.11310106139,inf
75,82,inf,inf,inf,298.3638718075632,inf
75,83,inf,inf,inf,626.1533358531279,inf
75,84,inf,inf,inf,668.4309986827361,inf
75,85,inf,inf,inf,831.8034623635562,inf
75,86,inf,inf,inf,360.9348971767623,inf
75,87,inf,inf,inf,578.5101554856233,inf
75,88,inf,inf,inf,469.51570793744486,inf
75,89,inf,inf,inf,441.2221662609439,inf
75,90,inf,inf,inf,759.1218611000477,inf
75,91,inf,inf,inf,98.38699100999075,inf
75,92,inf,inf,inf,601.8180788244899,inf
75,93,inf,inf,inf,506.59648636760204,inf
75,94,inf,inf,inf,327.2308053958246,inf
75,95,inf,inf,inf,740.2296940815061,inf
75,96,inf,inf,inf,420.7089255055091,inf
75,97,inf,inf,inf,718.0445668619741,inf
75,98,inf,inf,inf,911.3928900315166,inf
75,99,inf,inf,inf,549.9972727205109,inf
75,100,inf,inf,inf,623.0802516530274,inf
75,101,inf,inf,inf,554.5133001110073,inf
75,102,inf,inf,inf,531.4329684917939,inf
75,103,inf,inf,inf,669.8567010935996,inf
75,104,inf,inf,inf,96.0,inf
75,105,inf,inf,inf,574.2542990696718,inf
75,106,inf,inf,inf,616.883295283638,inf
75,107,inf,inf,inf,200.33971149025845,inf
75,108,inf,inf,inf,507.0009861923347,inf
75,109,inf,inf,inf,115.69356075426151,inf
75,110,inf,inf,inf,858.848065725248,inf
75,111,inf,inf,inf,854.0210770232782,inf
75,112,inf,inf,inf,526.2033827333306,inf
75,113,inf,inf,inf,626.3609183210588,inf
75,114,inf,inf,inf,892.06277805993,inf
75,115,inf,inf,inf,1059.4054936614214,inf
75,116,inf,inf,inf,565.9717307427995,inf
75,117,inf,inf,inf,375.6860391337426,inf
75,118,inf,inf,inf,264.8867682614592,inf
75,119,inf,inf,inf,738.5458685823108,inf
75,120,inf,inf,inf,861.1765208132418,inf
75,121,inf,inf,inf,468.6331187613611,inf
75,122,inf,inf,inf,653.6206851071958,inf
75,123,inf,inf,inf,840.729445184359,inf
75,124,inf,inf,inf,633.1082056015385,inf
75,125,inf,inf,inf,742.6472917879657,inf
75,126,inf,inf,inf,808.1287026210615,inf
75,127,inf,inf,inf,800.6278786052857,inf
75,128,inf,inf,inf,981.2609235060775,inf
75,129,inf,inf,inf,849.7864437610193,inf
75,130,inf,inf,inf,530.3960784168752,inf
75,131,inf,inf,inf,1002.8683861803602,inf
75,132,inf,inf,inf,772.8939125132246,inf
75,133,inf,inf,inf,929.3922745536462,inf
75,134,inf,inf,inf,625.1247875424554,inf
75,135,inf,inf,inf,116.18089343777659,inf
75,136,inf,inf,inf,643.7468446524612,inf
75,137,inf,inf,inf,617.8195529440615,inf
75,138,inf,inf,inf,647.1305896030568,inf
75,139,inf,inf,inf,753.9210834032963,inf
75,140,inf,inf,inf,592.5580140374443,inf
75,141,inf,inf,inf,124.77980605851253,inf
75,142,inf,inf,inf,543.3599175500526,inf
75,143,inf,inf,inf,456.75485766437123,inf
75,144,inf,inf,inf,570.2113643202844,inf
75,145,inf,inf,inf,534.8663384435405,inf
75,146,inf,inf,inf,772.7386362800814,inf
75,147,inf,inf,inf,425.48442979737814,inf
75,148,inf,inf,inf,210.77476129745705,inf
75,149,inf,inf,inf,476.5983634046596,inf
75,150,inf,inf,inf,474.01687733666193,inf
75,151,inf,inf,inf,154.05518491761322,inf
75,152,inf,inf,inf,687.6227163205125,inf
75,153,inf,inf,inf,841.4184452458836,inf
75,154,inf,inf,inf,776.5339657735519,inf
75,155,inf,inf,inf,786.651765395591,inf
75,156,inf,inf,inf,690.9855280684249,inf
75,157,inf,inf,inf,431.2365939945264,inf
75,158,inf,inf,inf,706.4085220324001,inf
75,159,inf,inf,inf,358.1312608527773,inf
75,160,inf,inf,inf,612.6573267333052,inf
75,161,inf,inf,inf,183.84776310850236,inf
75,162,inf,inf,inf,330.4300228490141,inf
75,163,inf,inf,inf,344.7448331737548,inf
75,164,inf,inf,inf,507.2524026557193,inf
75,165,inf,inf,inf,144.6789549312546,inf
75,166,inf,inf,inf,306.88760157425713,inf
75,167,inf,inf,inf,636.2020119427476,inf
75,168,inf,inf,inf,723.5938087076202,inf
75,169,inf,inf,inf,570.0710482036428,inf
75,170,inf,inf,inf,459.73579369024554,inf
76,77,inf,inf,inf,220.38375620721234,inf
76,78,inf,inf,inf,825.084844122106,inf
76,79,inf,inf,inf,741.0924368795029,inf
76,80,inf,inf,inf,738.3935265155025,inf
76,81,inf,inf,inf,350.46397817750113,inf
76,82,inf,inf,inf,1109.1654520404068,inf
76,83,inf,inf,inf,592.5276364862655,inf
76,84,inf,inf,inf,932.3266594922619,inf
76,85,inf,inf,inf,1179.6084096004063,inf
76,86,inf,inf,inf,1082.5991871417602,inf
76,87,inf,inf,inf,789.0785765688992,inf
76,88,inf,inf,inf,905.6014575960002,inf
76,89,inf,inf,inf,614.6283429846039,inf
76,90,inf,inf,inf,1177.3822658762956,inf
76,91,inf,inf,inf,949.10115372388,inf
76,92,inf,inf,inf,1338.3908248340617,inf
76,93,inf,inf,inf,1173.2489079474994,inf
76,94,inf,inf,inf,882.2862347333772,inf
76,95,inf,inf,inf,1068.1877175852567,inf
76,96,inf,inf,inf,1213.150031941639,inf
76,97,inf,inf,inf,976.6007372514113,inf
76,98,inf,inf,inf,553.810436882513,inf
76,99,inf,inf,inf,643.4112215372063,inf
76,100,inf,inf,inf,1163.1792639142086,inf
76,101,inf,inf,inf,1011.3327840033666,inf
76,102,inf,inf,inf,561.4427842621187,inf
76,103,inf,inf,inf,982.5970689962392,inf
76,104,inf,inf,inf,1068.8091504099316,inf
76,105,inf,inf,inf,1284.7120299896005,inf
76,106,inf,inf,inf,1165.9588328924826,inf
76,107,inf,inf,inf,1020.4298114030186,inf
76,108,inf,inf,inf,529.7405025104273,inf
76,109,inf,inf,inf,910.9742038060134,inf
76,110,inf,inf,inf,204.65825172711703,inf
76,111,inf,inf,inf,688.5847805463028,inf
76,112,inf,inf,inf,762.6067138440363,inf
76,113,inf,inf,inf,620.4232426336073,inf
76,114,inf,inf,inf,593.9436000160284,inf
76,115,inf,inf,inf,293.2319900692965,inf
76,116,inf,inf,inf,1016.5908714915751,inf
76,117,inf,inf,inf,648.771916778154,inf
76,118,inf,inf,inf,817.2209003690496,inf
76,119,inf,inf,inf,656.1897591398391,inf
76,120,inf,inf,inf,216.51789764358972,inf
76,121,inf,inf,inf,556.3452165697122,inf
76,122,inf,inf,inf,390.00641020372984,inf
76,123,inf,inf,inf,716.7126341847198,inf
76,124,inf,inf,inf,720.0451374740336,inf
76,125,inf,inf,inf,477.67143519369046,inf
76,126,inf,inf,inf,809.6079298030621,inf
76,127,inf,inf,inf,813.3928939940403,inf
76,128,inf,inf,inf,865.1196449046802,inf
76,129,inf,inf,inf,595.1016719855523,inf
76,130,inf,inf,inf,530.08395561458,inf
76,131,inf,inf,inf,184.20097719610501,inf
76,132,inf,inf,inf,887.6237941830988,inf
76,133,inf,inf,inf,808.3940870639765,inf
76,134,inf,inf,inf,609.924585502175,inf
76,135,inf,inf,inf,913.4993158180251,inf
76,136,inf,inf,inf,574.2516869805434,inf
76,137,inf,inf,inf,1161.3483542847944,inf
76,138,inf,inf,inf,1021.1997845671532,inf
76,139,inf,inf,inf,392.6627051299881,inf
76,140,inf,inf,inf,1420.211251891774,inf
76,141,inf,inf,inf,1027.6716401652816,inf
76,142,inf,inf,inf,1103.3063944344744,inf
76,143,inf,inf,inf,1467.7772310538135,inf
76,144,inf,inf,inf,682.0337235063968,inf
76,145,inf,inf,inf,1010.2895624522704,inf
76,146,inf,inf,inf,743.1231391902691,inf
76,147,inf,inf,inf,1439.38042226508,inf
76,148,inf,inf,inf,907.8793972769731,inf
76,149,inf,inf,inf,888.8560063362344,inf
76,150,inf,inf,inf,1296.1593266261675,inf
76,151,inf,inf,inf,952.0346632344854,inf
76,152,inf,inf,inf,869.5113570276123,inf
76,153,inf,inf,inf,576.0555528766301,inf
76,154,inf,inf,inf,724.9965517159375,inf
76,155,inf,inf,inf,617.2989551262824,inf
76,156,inf,inf,inf,1340.820644232479,inf
76,157,inf,inf,inf,1386.820824764324,inf
76,158,inf,inf,inf,1282.8624244243808,inf
76,159,inf,inf,inf,794.7181890456516,inf
76,160,inf,inf,inf,1263.909015712761,inf
76,161,inf,inf,inf,933.9491420843,inf
76,162,inf,inf,inf,765.0993399552766,inf
76,163,inf,inf,inf,980.0540801404787,inf
76,164,inf,inf,inf,544.1709290287382,inf
76,165,inf,inf,inf,985.2639240325407,inf
76,166,inf,inf,inf,821.7450942962787,inf
76,167,inf,inf,inf,711.3170882243727,inf
76,168,inf,inf,inf,807.7159154059055,inf
76,169,inf,inf,inf,945.5432301063764,inf
76,170,inf,inf,inf,1357.6243957737354,inf
77,78,inf,inf,inf,638.4293226348552,inf
77,79,inf,inf,inf,649.0647117198715,inf
77,80,inf,inf,inf,565.3547558834188,inf
77,81,inf,inf,inf,357.3289800729854,inf
77,82,inf,inf,inf,892.2807854033392,inf
77,83,inf,inf,inf,410.0463388447701,inf
77,84,inf,inf,inf,794.7540500054089,inf
77,85,inf,inf,inf,1013.3454494889687,inf
77,86,inf,inf,inf,869.505606652424,inf
77,87,inf,inf,inf,603.2346143914489,inf
77,88,inf,inf,inf,732.1154280576253,inf
77,89,inf,inf,inf,410.8880626155985,inf
77,90,inf,inf,inf,1000.547849930227,inf
77,91,inf,inf,inf,733.0170530076364,inf
77,92,inf,inf,inf,1132.3837688699005,inf
77,93,inf,inf,inf,967.9225175601609,inf
77,94,inf,inf,inf,667.845790583425,inf
77,95,inf,inf,inf,896.8801480688487,inf
77,96,inf,inf,inf,1019.0240428959465,inf
77,97,inf,inf,inf,845.942078395442,inf
77,98,inf,inf,inf,516.2450968290159,inf
77,99,inf,inf,inf,446.7986123523662,inf
77,100,inf,inf,inf,970.012886512339,inf
77,101,inf,inf,inf,848.2175428508891,inf
77,102,inf,inf,inf,351.0056979594491,inf
77,103,inf,inf,inf,805.8796436193186,inf
77,104,inf,inf,inf,848.5340299599068,inf
77,105,inf,inf,inf,1079.5045159701742,inf
77,106,inf,inf,inf,1001.9486014761436,inf
77,107,inf,inf,inf,801.1054861876805,inf
77,108,inf,inf,inf,309.6837096135346,inf
77,109,inf,inf,inf,691.6595983574579,inf
77,110,inf,inf,inf,141.7956275771577,inf
77,111,inf,inf,inf,616.644143732834,inf
77,112,inf,inf,inf,599.0559239336508,inf
77,113,inf,inf,inf,439.9659077701362,inf
77,114,inf,inf,inf,544.45018137567,inf
77,115,inf,inf,inf,343.0131192826303,inf
77,116,inf,inf,inf,855.0801132057744,inf
77,117,inf,inf,inf,430.6390600026895,inf
77,118,inf,inf,inf,597.602710837225,inf
77,119,inf,inf,inf,506.56885020695853,inf
77,120,inf,inf,inf,160.80111939908875,inf
77,121,inf,inf,inf,337.0949421157191,inf
77,122,inf,inf,inf,174.52220489095365,inf
77,123,inf,inf,inf,638.0752306742521,inf
77,124,inf,inf,inf,544.3124102939414,inf
77,125,inf,inf,inf,369.9689176133584,inf
77,126,inf,inf,inf,713.5951233017221,inf
77,127,inf,inf,inf,715.0867080291732,inf
77,128,inf,inf,inf,762.7168544092887,inf
77,129,inf,inf,inf,529.8386546864998,inf
77,130,inf,inf,inf,314.03502989316337,inf
77,131,inf,inf,inf,273.0805741901097,inf
77,132,inf,inf,inf,776.2222619842851,inf
77,133,inf,inf,inf,699.3539876200035,inf
77,134,inf,inf,inf,465.5802830876754,inf
77,135,inf,inf,inf,696.1609009417291,inf
77,136,inf,inf,inf,433.3912781771225,inf
77,137,inf,inf,inf,997.8682277735874,inf
77,138,inf,inf,inf,873.5147394291638,inf
77,139,inf,inf,inf,235.2126697267815,inf
77,140,inf,inf,inf,1208.452315981065,inf
77,141,inf,inf,inf,807.309110564225,inf
77,142,inf,inf,inf,904.5982533699697,inf
77,143,inf,inf,inf,1247.4441871282258,inf
77,144,inf,inf,inf,492.0985673622714,inf
77,145,inf,inf,inf,844.0308051250262,inf
77,146,inf,inf,inf,599.2703897240377,inf
77,147,inf,inf,inf,1223.5150182976913,inf
77,148,inf,inf,inf,699.6827852677241,inf
77,149,inf,inf,inf,716.7398412255314,inf
77,150,inf,inf,inf,1082.7049459571153,inf
77,151,inf,inf,inf,740.3141225182726,inf
77,152,inf,inf,inf,701.3422844802672,inf
77,153,inf,inf,inf,462.24776905897556,inf
77,154,inf,inf,inf,583.0548859241297,inf
77,155,inf,inf,inf,482.99585919550077,inf
77,156,inf,inf,inf,1143.232697223098,inf
77,157,inf,inf,inf,1178.526622524922,inf
77,158,inf,inf,inf,1091.2217923043877,inf
77,159,inf,inf,inf,580.1654936309121,inf
77,160,inf,inf,inf,1063.5247998989023,inf
77,161,inf,inf,inf,713.992997164538,inf
77,162,inf,inf,inf,547.030163702149,inf
77,163,inf,inf,inf,767.3493337457197,inf
77,164,inf,inf,inf,343.02332282222443,inf
77,165,inf,inf,inf,773.5231088984996,inf
77,166,inf,inf,inf,604.4054930259982,inf
77,167,inf,inf,inf,574.0008710794784,inf
77,168,inf,inf,inf,649.4074221934948,inf
77,169,inf,inf,inf,788.3558841031124,inf
77,170,inf,inf,inf,1155.7356964289024,inf
78,79,inf,inf,inf,1060.683270349825,inf
78,80,inf,inf,inf,108.74741376235114,inf
78,81,inf,inf,inf,957.7995614949925,inf
78,82,inf,inf,inf,420.2011423116315,inf
78,83,inf,inf,inf,232.57256931977167,inf
78,84,inf,inf,inf,1056.8074564460642,inf
78,85,inf,inf,inf,391.0204598227566,inf
78,86,inf,inf,inf,351.86360993998795,inf
78,87,inf,inf,inf,36.05551275463989,inf
78,88,inf,inf,inf,885.3547311671181,inf
78,89,inf,inf,inf,593.6876283029654,inf
78,90,inf,inf,inf,364.87806182339875,inf
78,91,inf,inf,inf,585.527112950374,inf
78,92,inf,inf,inf,537.6030133844117,inf
78,93,inf,inf,inf,377.6797585256589,inf
78,94,inf,inf,inf,247.34186867572583,inf
78,95,inf,inf,inf,271.01660465735307,inf
78,96,inf,inf,inf,980.2009997954501,inf
78,97,inf,inf,inf,1115.907702276492,inf
78,98,inf,inf,inf,1044.1728784066363,inf
78,99,inf,inf,inf,195.92090240706835,inf
78,100,inf,inf,inf,339.40094283899685,inf
78,101,inf,inf,inf,1007.7564189822856,inf
78,102,inf,inf,inf,313.0,inf
78,103,inf,inf,inf,175.13994404475525,inf
78,104,inf,inf,inf,535.1205471667108,inf
78,105,inf,inf,inf,483.001035195578,inf
78,106,inf,inf,inf,1120.589576963841,inf
78,107,inf,inf,inf,412.0800893030383,inf
78,108,inf,inf,inf,414.3911195959682,inf
78,109,inf,inf,inf,495.63393749823064,inf
78,110,inf,inf,inf,766.9328523410638,inf
78,111,inf,inf,inf,1072.7171108917764,inf
78,112,inf,inf,inf,842.7502595668541,inf
78,113,inf,inf,inf,204.9634113689563,inf
78,114,inf,inf,inf,1051.0118933675299,inf
78,115,inf,inf,inf,697.9699133916877,inf
78,116,inf,inf,inf,1019.0475945705382,inf
78,117,inf,inf,inf,467.8226159560908,inf
78,118,inf,inf,inf,337.3499666518436,inf
78,119,inf,inf,inf,227.69277546729498,inf
78,120,inf,inf,inf,781.7346096982019,inf
78,121,inf,inf,inf,462.95248136282845,inf
78,122,inf,inf,inf,476.615148731133,inf
78,123,inf,inf,inf,1077.4878189566691,inf
78,124,inf,inf,inf,116.01724009818541,inf
78,125,inf,inf,inf,848.7219803916946,inf
78,126,inf,inf,inf,1101.2402099451326,inf
78,127,inf,inf,inf,1097.477562413009,inf
78,128,inf,inf,inf,408.54497916386146,inf
78,129,inf,inf,inf,1017.8983249814296,inf
78,130,inf,inf,inf,367.3935219897052,inf
78,131,inf,inf,inf,910.7452991918212,inf
78,132,inf,inf,inf,1114.0578979568343,inf
78,133,inf,inf,inf,360.99861495579177,inf
78,134,inf,inf,inf,826.8306960920113,inf
78,135,inf,inf,inf,545.1825382383408,inf
78,136,inf,inf,inf,818.7624808209033,inf
78,137,inf,inf,inf,1119.5825114747015,inf
78,138,inf,inf,inf,1083.1158756107307,inf
78,139,inf,inf,inf,434.0702708087712,inf
78,140,inf,inf,inf,643.4974747425199,inf
78,141,inf,inf,inf,476.39059604488415,inf
78,142,inf,inf,inf,289.2784126062641,inf
78,143,inf,inf,inf,845.6057000753957,inf
78,144,inf,inf,inf,146.44111444536333,inf
78,145,inf,inf,inf,992.0987854039536,inf
78,146,inf,inf,inf,216.05786262017867,inf
78,147,inf,inf,inf,945.1862250371616,inf
78,148,inf,inf,inf,660.6209200441657,inf
78,149,inf,inf,inf,881.2831554046634,inf
78,150,inf,inf,inf,539.8166355346971,inf
78,151,inf,inf,inf,647.0278201128604,inf
78,152,inf,inf,inf,119.75391434103521,inf
78,153,inf,inf,inf,355.18586683594265,inf
78,154,inf,inf,inf,226.2675407565124,inf
78,155,inf,inf,inf,287.69602013236124,inf
78,156,inf,inf,inf,520.1009517391792,inf
78,157,inf,inf,inf,997.1965703912143,inf
78,158,inf,inf,inf,457.961788799022,inf
78,159,inf,inf,inf,234.82759633399138,inf
78,160,inf,inf,inf,449.08017101626746,inf
78,161,inf,inf,inf,390.4484601070927,inf
78,162,inf,inf,inf,292.60553651631403,inf
78,163,inf,inf,inf,273.59276306218334,inf
78,164,inf,inf,inf,599.9841664577491,inf
78,165,inf,inf,inf,665.7702306351644,inf
78,166,inf,inf,inf,280.61717695109115,inf
78,167,inf,inf,inf,906.7574096747156,inf
78,168,inf,inf,inf,151.16216457830973,inf
78,169,inf,inf,inf,987.3423924860109,inf
78,170,inf,inf,inf,1033.6812855034186,inf
79,80,inf,inf,inf,1045.229639839973,inf
79,81,inf,inf,inf,416.4048510764494,inf
79,82,inf,inf,inf,1059.5517920328386,inf
79,83,inf,inf,inf,906.4242935844118,inf
79,84,inf,inf,inf,252.93675098727746,inf
79,85,inf,inf,inf,1443.2636626756735,inf
79,86,inf,inf,inf,1088.882454629516,inf
79,87,inf,inf,inf,1036.450191760318,inf
79,88,inf,inf,inf,375.15863311404684,inf
79,89,inf,inf,inf,470.09148045885706,inf
79,90,inf,inf,inf,1397.7728713922015,inf
79,91,inf,inf,inf,704.9092140126983,inf
79,92,inf,inf,inf,1368.4268339958844,inf
79,93,inf,inf,inf,1233.3438287841716,inf
79,94,inf,inf,inf,925.2615846343131,inf
79,95,inf,inf,inf,1325.2822340920443,inf
79,96,inf,inf,inf,699.7320915893454,inf
79,97,inf,inf,inf,271.1180554666177,inf
79,98,inf,inf,inf,226.3183598385248,inf
79,99,inf,inf,inf,886.710775845202,inf
79,100,inf,inf,inf,1304.6762050409288,inf
79,101,inf,inf,inf,397.9246159764435,inf
79,102,inf,inf,inf,768.9603370785778,inf
79,103,inf,inf,inf,1230.2410332938825,inf
79,104,inf,inf,inf,893.6582120699165,inf
79,105,inf,inf,inf,1328.610176086274,inf
79,106,inf,inf,inf,525.4046059942756,inf
79,107,inf,inf,inf,941.6777580467747,inf
79,108,inf,inf,inf,658.3714756883078,inf
79,109,inf,inf,inf,744.8516630846708,inf
79,110,inf,inf,inf,550.9128787748567,inf
79,111,inf,inf,inf,78.77182237323191,inf
79,112,inf,inf,inf,276.1322147088239,inf
79,113,inf,inf,inf,932.4617954640287,inf
79,114,inf,inf,inf,180.8009955724802,inf
79,115,inf,inf,inf,983.4007321534798,inf
79,116,inf,inf,inf,395.6829538911172,inf
79,117,inf,inf,inf,600.0908264587953,inf
79,118,inf,inf,inf,798.0025062617285,inf
79,119,inf,inf,inf,1047.9317725882731,inf
79,120,inf,inf,inf,533.7283953472964,inf
79,121,inf,inf,inf,599.8883229401953,inf
79,122,inf,inf,inf,678.2307866795786,inf
79,123,inf,inf,inf,48.54894437575342,inf
79,124,inf,inf,inf,1021.8693654278907,inf
79,125,inf,inf,inf,279.2060171271386,inf
79,126,inf,inf,inf,68.70953354520753,inf
79,127,inf,inf,inf,73.49829930005184,inf
79,128,inf,inf,inf,1340.558838693774,inf
79,129,inf,inf,inf,157.0350279396288,inf
79,130,inf,inf,inf,714.751005595655,inf
79,131,inf,inf,inf,583.191220784401,inf
79,132,inf,inf,inf,157.15597347857954,inf
79,133,inf,inf,inf,1274.3755333495697,inf
79,134,inf,inf,inf,234.2007685726074,inf
79,135,inf,inf,inf,703.600028425241,inf
79,136,inf,inf,inf,247.54191564258366,inf
79,137,inf,inf,inf,519.6652768850349,inf
79,138,inf,inf,inf,352.62586405424094,inf
79,139,inf,inf,inf,831.8954261203749,inf
79,140,inf,inf,inf,1385.2891394939902,inf
79,141,inf,inf,inf,893.369464443463,inf
79,142,inf,inf,inf,1221.2767909036836,inf
79,143,inf,inf,inf,1221.5138149034583,inf
79,144,inf,inf,inf,941.1014823067701,inf
79,145,inf,inf,inf,409.65961480233807,inf
79,146,inf,inf,inf,1134.852413311969,inf
79,147,inf,inf,inf,1074.6766955694163,inf
79,148,inf,inf,inf,592.8212209427055,inf
79,149,inf,inf,inf,359.85691600968295,inf
79,150,inf,inf,inf,1259.29543793345,inf
79,151,inf,inf,inf,652.533524043018,inf
79,152,inf,inf,inf,1167.844167686768,inf
79,153,inf,inf,inf,1058.2636722480838,inf
79,154,inf,inf,inf,1124.402952682,inf
79,155,inf,inf,inf,1051.9030373565806,inf
79,156,inf,inf,inf,1431.8945491899883,inf
79,157,inf,inf,inf,944.8227346968318,inf
79,158,inf,inf,inf,1417.0031757198005,inf
79,159,inf,inf,inf,865.9867204524559,inf
79,160,inf,inf,inf,1346.2614902016621,inf
79,161,inf,inf,inf,859.0768300914651,inf
79,162,inf,inf,inf,801.8883962248113,inf
79,163,inf,inf,inf,1014.3865141059398,inf
79,164,inf,inf,inf,462.4499972970051,inf
79,165,inf,inf,inf,673.2763177180674,inf
79,166,inf,inf,inf,847.6821338213989,inf
79,167,inf,inf,inf,169.1685549976709,inf
79,168,inf,inf,inf,1148.5229645070228,inf
79,169,inf,inf,inf,328.7582698579611,inf
79,170,inf,inf,inf,869.5113570276123,inf
80,81,inf,inf,inf,901.204749210744,inf
80,82,inf,inf,inf,522.2307918918608,inf
80,83,inf,inf,inf,157.0350279396288,inf
80,84,inf,inf,inf,1067.340620420679,inf
80,85,inf,inf,inf,448.0011160700384,inf
80,86,inf,inf,inf,457.40354174404905,inf
80,87,inf,inf,inf,80.4114419718985,inf
80,88,inf,inf,inf,908.037994799777,inf
80,89,inf,inf,inf,590.0076270693456,inf
80,90,inf,inf,inf,439.13779158710537,inf
80,91,inf,inf,inf,643.0054432117973,inf
80,92,inf,inf,inf,644.162246642878,inf
80,93,inf,inf,inf,485.7324366356441,inf
80,94,inf,inf,inf,327.91462303471616,inf
80,95,inf,inf,inf,332.05421244128195,inf
80,96,inf,inf,inf,1036.9281556597834,inf
80,97,inf,inf,inf,1126.7031552276758,inf
80,98,inf,inf,inf,1005.9448295011014,inf
80,99,inf,inf,inf,158.7734234687909,inf
80,100,inf,inf,inf,437.8275916385353,inf
80,101,inf,inf,inf,1033.8534712424193,inf
80,102,inf,inf,inf,277.0649743291274,inf
80,103,inf,inf,inf,244.20483205702544,inf
80,104,inf,inf,inf,618.255610568962,inf
80,105,inf,inf,inf,589.7050110012632,inf
80,106,inf,inf,inf,1156.3844516422728,inf
80,107,inf,inf,inf,501.36613367877175,inf
80,108,inf,inf,inf,387.1046370169182,inf
80,109,inf,inf,inf,555.0792736177419,inf
80,110,inf,inf,inf,700.3570517957252,inf
80,111,inf,inf,inf,1049.3312155844787,inf
80,112,inf,inf,inf,848.2322795083903,inf
80,113,inf,inf,inf,126.77539193392383,inf
80,114,inf,inf,inf,1017.306246908963,inf
80,115,inf,inf,inf,593.4475545488414,inf
80,116,inf,inf,inf,1044.7679168121501,inf
80,117,inf,inf,inf,473.72988083928163,inf
80,118,inf,inf,inf,390.7492802296634,inf
80,119,inf,inf,inf,119.03780911962384,inf
80,120,inf,inf,inf,716.6484493808663,inf
80,121,inf,inf,inf,446.84784882552583,inf
80,122,inf,inf,inf,416.58132459341,inf
80,123,inf,inf,inf,1057.3447876638916,inf
80,124,inf,inf,inf,23.53720459187964,inf
80,125,inf,inf,inf,814.1038017353807,inf
80,126,inf,inf,inf,1091.1498522201248,inf
80,127,inf,inf,inf,1088.2375659753711,inf
80,128,inf,inf,inf,343.2797692844715,inf
80,129,inf,inf,inf,987.0688932389673,inf
80,130,inf,inf,inf,332.27699288394916,inf
80,131,inf,inf,inf,838.2511556806826,inf
80,132,inf,inf,inf,1113.120388816951,inf
80,133,inf,inf,inf,286.1503101518501,inf
80,134,inf,inf,inf,811.4708867236088,inf
80,135,inf,inf,inf,600.2616096336664,inf
80,136,inf,inf,inf,798.8554312264516,inf
80,137,inf,inf,inf,1154.8631953612514,inf
80,138,inf,inf,inf,1103.1636324680035,inf
80,139,inf,inf,inf,345.86268951709724,inf
80,140,inf,inf,inf,751.8809746229784,inf
80,141,inf,inf,inf,559.3728631244101,inf
80,142,inf,inf,inf,394.81641303269043,inf
80,143,inf,inf,inf,947.1351540303,inf
80,144,inf,inf,inf,105.58882516630251,inf
80,145,inf,inf,inf,1019.577363420746,inf
80,146,inf,inf,inf,127.23600119463045,inf
80,147,inf,inf,inf,1034.5264617205303,inf
80,148,inf,inf,inf,703.9275530905152,inf
80,149,inf,inf,inf,901.9057600436977,inf
80,150,inf,inf,inf,648.4720502843588,inf
80,151,inf,inf,inf,698.9685257577769,inf
80,152,inf,inf,inf,136.4734406395618,inf
80,153,inf,inf,inf,246.46500765828807,inf
80,154,inf,inf,inf,131.47243057006287,inf
80,155,inf,inf,inf,179.0111728356641,inf
80,156,inf,inf,inf,620.1524006242337,inf
80,157,inf,inf,inf,1074.9088333435539,inf
80,158,inf,inf,inf,552.5477354944096,inf
80,159,inf,inf,inf,289.3890115398302,inf
80,160,inf,inf,inf,552.7503957483884,inf
80,161,inf,inf,inf,465.6951792750275,inf
80,162,inf,inf,inf,333.94610343586885,inf
80,163,inf,inf,inf,372.9785516621566,inf
80,164,inf,inf,inf,583.3429523016456,inf
80,165,inf,inf,inf,721.3237830544616,inf
80,166,inf,inf,inf,340.14702703389895,inf
80,167,inf,inf,inf,900.0227774895477,inf
80,168,inf,inf,inf,103.78824596263297,inf
80,169,inf,inf,inf,1006.2668632127364,inf
80,170,inf,inf,inf,1103.8935637098352,inf
81,82,inf,inf,inf,1120.0772294801818,inf
81,83,inf,inf,inf,744.3614713296222,inf
81,84,inf,inf,inf,643.0069984067047,inf
81,85,inf,inf,inf,1345.2810115362515,inf
81,86,inf,inf,inf,1118.9798925807381,inf
81,87,inf,inf,inf,924.9648641975542,inf
81,88,inf,inf,inf,675.8912634440543,inf
81,89,inf,inf,inf,506.3328944479116,inf
81,90,inf,inf,inf,1322.33278716063,inf
81,91,inf,inf,inf,853.239708405557,inf
81,92,inf,inf,inf,1398.9656893576769,inf
81,93,inf,inf,inf,1240.8617973005696,inf
81,94,inf,inf,inf,921.3001682405144,inf
81,95,inf,inf,inf,1226.1525190611485,inf
81,96,inf,inf,inf,1012.0563225433651,inf
81,97,inf,inf,inf,676.634317781769,inf
81,98,inf,inf,inf,206.7873303662485,inf
81,99,inf,inf,inf,761.9927821180461,inf
81,100,inf,inf,inf,1269.5987555129377,inf
81,101,inf,inf,inf,754.9231748992742,inf
81,102,inf,inf,inf,646.6784363190101,inf
81,103,inf,inf,inf,1131.6898868506337,inf
81,104,inf,inf,inf,1016.4536388837417,inf
81,105,inf,inf,inf,1349.6999666592571,inf
81,106,inf,inf,inf,903.4406455324003,inf
81,107,inf,inf,inf,1010.9411456657604,inf
81,108,inf,inf,inf,559.7320787662612,inf
81,109,inf,inf,inf,848.6394994342415,inf
81,110,inf,inf,inf,216.6333307688362,inf
81,111,inf,inf,inf,352.2981691692422,inf
81,112,inf,inf,inf,528.7570330501525,inf
81,113,inf,inf,inf,774.5514831178106,inf
81,114,inf,inf,inf,250.10797668207226,inf
81,115,inf,inf,inf,629.8015560476173,inf
81,116,inf,inf,inf,757.1802955703483,inf
81,117,inf,inf,inf,604.3922567339856,inf
81,118,inf,inf,inf,817.3891362135907,inf
81,119,inf,inf,inf,857.3447381304676,inf
81,120,inf,inf,inf,196.93907687404246,inf
81,121,inf,inf,inf,541.1700287340384,inf
81,122,inf,inf,inf,484.73704211665114,inf
81,123,inf,inf,inf,383.3431882791189,inf
81,124,inf,inf,inf,878.6353054595519,inf
81,125,inf,inf,inf,219.14607000811125,inf
81,126,inf,inf,inf,484.365564424227,inf
81,127,inf,inf,inf,489.82956219485163,inf
81,128,inf,inf,inf,1120.0254461395061,inf
81,129,inf,inf,inf,260.5782032327339,inf
81,130,inf,inf,inf,594.9403331427446,inf
81,131,inf,inf,inf,173.04623659588788,inf
81,132,inf,inf,inf,571.9449274187157,inf
81,133,inf,inf,inf,1056.5017747263844,inf
81,134,inf,inf,inf,368.41959774148825,inf
81,135,inf,inf,inf,830.202384964052,inf
81,136,inf,inf,inf,335.67841753678476,inf
81,137,inf,inf,inf,898.1453111829956,inf
81,138,inf,inf,inf,740.5295402615617,inf
81,139,inf,inf,inf,590.7190533578547,inf
81,140,inf,inf,inf,1453.0674450967513,inf
81,141,inf,inf,inf,991.7782010106897,inf
81,142,inf,inf,inf,1195.3451384432865,inf
81,143,inf,inf,inf,1402.364075409806,inf
81,144,inf,inf,inf,813.8826696766555,inf
81,145,inf,inf,inf,759.3944956345154,inf
81,146,inf,inf,inf,950.5351124498243,inf
81,147,inf,inf,inf,1316.974183497915,inf
81,148,inf,inf,inf,774.0025839750149,inf
81,149,inf,inf,inf,657.8753681359411,inf
81,150,inf,inf,inf,1323.100147381142,inf
81,151,inf,inf,inf,830.3764206671574,inf
81,152,inf,inf,inf,1037.3258890049935,inf
81,153,inf,inf,inf,819.5761099495276,inf
81,154,inf,inf,inf,935.1924935541346,inf
81,155,inf,inf,inf,838.3513583217957,inf
81,156,inf,inf,inf,1430.4841837643644,inf
81,157,inf,inf,inf,1226.033033812711,inf
81,158,inf,inf,inf,1390.8058814946103,inf
81,159,inf,inf,inf,839.0780654980798,inf
81,160,inf,inf,inf,1346.388131260819,inf
81,161,inf,inf,inf,918.8612517676431,inf
81,162,inf,inf,inf,787.6814076769871,inf
81,163,inf,inf,inf,1023.0840630173066,inf
81,164,inf,inf,inf,445.82171324420705,inf
81,165,inf,inf,inf,861.0981361029648,inf
81,166,inf,inf,inf,845.7008927510956,inf
81,167,inf,inf,inf,441.13149966874954,inf
81,168,inf,inf,inf,993.1817557728293,inf
81,169,inf,inf,inf,683.5034747534207,inf
81,170,inf,inf,inf,1174.0140544303547,inf
82,83,inf,inf,inf,578.0700649575274,inf
82,84,inf,inf,inf,955.9482203550567,inf
82,85,inf,inf,inf,562.0854027636725,inf
82,86,inf,inf,inf,81.88406438373708,inf
82,87,inf,inf,inf,442.09614338964775,inf
82,88,inf,inf,inf,757.6239172571045,inf
82,89,inf,inf,inf,629.2344555092322,inf
82,90,inf,inf,inf,482.95859035739284,inf
82,91,inf,inf,inf,376.24061450088027,inf
82,92,inf,inf,inf,311.1301978272119,inf
82,93,inf,inf,inf,210.70595625183452,inf
82,94,inf,inf,inf,230.6707610426601,inf
82,95,inf,inf,inf,490.3600717839902,inf
82,96,inf,inf,inf,702.2997935354957,inf
82,97,inf,inf,inf,1008.2980710087668,inf
82,98,inf,inf,inf,1130.50873503923,inf
82,99,inf,inf,inf,502.6987169269482,inf
82,100,inf,inf,inf,337.8905148121208,inf
82,101,inf,inf,inf,850.7608359580264,inf
82,102,inf,inf,inf,551.0444628158422,inf
82,103,inf,inf,inf,443.6361121459794,inf
82,104,inf,inf,inf,208.1465829649865,inf
82,105,inf,inf,inf,277.96582523756405,inf
82,106,inf,inf,inf,914.3412929535666,inf
82,107,inf,inf,inf,117.88553770501282,inf
82,108,inf,inf,inf,586.4580121372715,inf
82,109,inf,inf,inf,316.1550252645053,inf
82,110,inf,inf,inf,983.780971558202,inf
82,111,inf,inf,inf,1100.5385045512946,inf
82,112,inf,inf,inf,789.2711828009433,inf
82,113,inf,inf,inf,563.866118861561,inf
82,114,inf,inf,inf,1119.7629213364764,inf
82,115,inf,inf,inf,1062.843826721499,inf
82,116,inf,inf,inf,862.3253446350745,inf
82,117,inf,inf,inf,516.2450968290159,inf
82,118,inf,inf,inf,303.87168344549644,inf
82,119,inf,inf,inf,638.0446692826451,inf
82,120,inf,inf,inf,991.7943335187997,inf
82,121,inf,inf,inf,583.6231660926424,inf
82,122,inf,inf,inf,719.2753297590568,inf
82,123,inf,inf,inf,1092.564414577008,inf
82,124,inf,inf,inf,520.3431560038049,inf
82,125,inf,inf,inf,943.1574629933223,inf
82,126,inf,inf,inf,1075.7420694571724,inf
82,127,inf,inf,inf,1069.0706244210435,inf
82,128,inf,inf,inf,810.5356253737401,inf
82,129,inf,inf,inf,1079.0227059705462,inf
82,130,inf,inf,inf,579.1105248568705,inf
82,131,inf,inf,inf,1135.5712218967158,inf
82,132,inf,inf,inf,1052.153981126337,inf
82,133,inf,inf,inf,772.4720059652648,inf
82,134,inf,inf,inf,854.4003745317531,inf
82,135,inf,inf,inf,363.00550960006103,inf
82,136,inf,inf,inf,864.2551706527419,inf
82,137,inf,inf,inf,915.4463392247521,inf
82,138,inf,inf,inf,942.3401721246951,inf
82,139,inf,inf,inf,761.1044606359892,inf
82,140,inf,inf,inf,334.6879143321432,inf
82,141,inf,inf,inf,177.22584461641028,inf
82,142,inf,inf,inf,267.16474318292825,inf
82,143,inf,inf,inf,425.42449388816345,inf
82,144,inf,inf,inf,492.70883897084695,inf
82,145,inf,inf,inf,831.3368751595228,inf
82,146,inf,inf,inf,636.0503124753576,inf
82,147,inf,inf,inf,546.7723475085403,inf
82,148,inf,inf,inf,492.3179866712164,inf
82,149,inf,inf,inf,762.3890083153088,inf
82,150,inf,inf,inf,204.70710783946902,inf
82,151,inf,inf,inf,444.08332551448046,inf
82,152,inf,inf,inf,504.9059318328514,inf
82,153,inf,inf,inf,761.7296108200075,inf
82,154,inf,inf,inf,646.4456667037068,inf
82,155,inf,inf,inf,696.3117118072911,inf
82,156,inf,inf,inf,393.0801444998208,inf
82,157,inf,inf,inf,636.0503124753576,inf
82,158,inf,inf,inf,409.83899277643167,inf
82,159,inf,inf,inf,316.3115552742264,inf
82,160,inf,inf,inf,314.3405796266209,inf
82,161,inf,inf,inf,205.4093474017188,inf
82,162,inf,inf,inf,345.7817230566127,inf
82,163,inf,inf,inf,150.23315213360866,inf
82,164,inf,inf,inf,678.4762339242252,inf
82,165,inf,inf,inf,441.2493626057719,inf
82,166,inf,inf,inf,287.8975512226528,inf
82,167,inf,inf,inf,890.386432960431,inf
82,168,inf,inf,inf,564.1498028006391,inf
82,169,inf,inf,inf,861.1457484073181,inf
82,170,inf,inf,inf,698.6272253498284,inf
83,84,inf,inf,inf,951.4220935000405,inf
83,85,inf,inf,inf,604.2391910493724,inf
83,86,inf,inf,inf,529.371325252889,inf
83,87,inf,inf,inf,196.596032513375,inf
83,88,inf,inf,inf,807.8867494890605,inf
83,89,inf,inf,inf,468.83365920121395,inf
83,90,inf,inf,inf,590.8113065945844,inf
83,91,inf,inf,inf,599.7366088542536,inf
83,92,inf,inf,inf,757.4569294686003,inf
83,93,inf,inf,inf,593.1643954250794,inf
83,94,inf,inf,inf,352.7548723972498,inf
83,95,inf,inf,inf,487.01540016718155,inf
83,96,inf,inf,inf,981.1218069128828,inf
83,97,inf,inf,inf,1010.4454463255303,inf
83,98,inf,inf,inf,853.8998770347728,inf
83,99,inf,inf,inf,78.5175139698144,inf
83,100,inf,inf,inf,571.0770525944813,inf
83,101,inf,inf,inf,935.7569128785531,inf
83,102,inf,inf,inf,144.1700384962146,inf
83,103,inf,inf,inf,395.9191836726278,inf
83,104,inf,inf,inf,622.462850297108,inf
83,105,inf,inf,inf,702.9338517954587,inf
83,106,inf,inf,inf,1068.8054079204503,inf
83,107,inf,inf,inf,525.2237618387044,inf
83,108,inf,inf,inf,252.17850820401011,inf
83,109,inf,inf,inf,519.904798977659,inf
83,110,inf,inf,inf,543.6543019235661,inf
83,111,inf,inf,inf,905.0458551918792,inf
83,112,inf,inf,inf,730.113689777147,inf
83,113,inf,inf,inf,30.265491900843113,inf
83,114,inf,inf,inf,867.3107862813653,inf
83,115,inf,inf,inf,487.2124793147236,inf
83,116,inf,inf,inf,946.0655368419251,inf
83,117,inf,inf,inf,369.25871689101666,inf
83,118,inf,inf,inf,361.5093359790311,inf
83,119,inf,inf,inf,146.3488981851247,inf
83,120,inf,inf,inf,559.7794208436034,inf
83,121,inf,inf,inf,319.4010018769509,inf
83,122,inf,inf,inf,260.0307674103201,inf
83,123,inf,inf,inf,915.1447972862,inf
83,124,inf,inf,inf,134.97407158413796,inf
83,125,inf,inf,inf,664.6149261038305,inf
83,126,inf,inf,inf,956.1443405678873,inf
83,127,inf,inf,inf,953.9334358329202,inf
83,128,inf,inf,inf,441.42609800509075,inf
83,129,inf,inf,inf,838.69243468628,inf
83,130,inf,inf,inf,193.7937047481161,inf
83,131,inf,inf,inf,683.1259034760723,inf
83,132,inf,inf,inf,985.7002586993675,inf
83,133,inf,inf,inf,376.25789028271555,inf
83,134,inf,inf,inf,674.8666534953405,inf
83,135,inf,inf,inf,555.3611437614267,inf
83,136,inf,inf,inf,658.897564117519,inf
83,137,inf,inf,inf,1066.6363016511298,inf
83,138,inf,inf,inf,997.1208552627911,inf
83,139,inf,inf,inf,202.71408436514716,inf
83,140,inf,inf,inf,852.4394406642621,inf
83,141,inf,inf,inf,566.344418176784,inf
83,142,inf,inf,inf,514.7776218912395,inf
83,143,inf,inf,inf,989.8146291099157,inf
83,144,inf,inf,inf,92.69843580125827,inf
83,145,inf,inf,inf,923.3645000756743,inf
83,146,inf,inf,inf,228.55415113272392,inf
83,147,inf,inf,inf,1041.0019212278141,inf
83,148,inf,inf,inf,636.4416705401997,inf
83,149,inf,inf,inf,799.4360512261128,inf
83,150,inf,inf,inf,737.2435147222388,inf
83,151,inf,inf,inf,644.5471278347302,inf
83,152,inf,inf,inf,293.47061181658376,inf
83,153,inf,inf,inf,217.44194627532195,inf
83,154,inf,inf,inf,219.04565734111233,inf
83,155,inf,inf,inf,172.69916039170545,inf
83,156,inf,inf,inf,750.2086376468882,inf
83,157,inf,inf,inf,1055.4416137333226,inf
83,158,inf,inf,inf,690.3774330031364,inf
83,159,inf,inf,inf,280.71693928225994,inf
83,160,inf,inf,inf,675.8468761487323,inf
83,161,inf,inf,inf,464.52125893224735,inf
83,162,inf,inf,inf,295.7363690857112,inf
83,163,inf,inf,inf,430.80041782709543,inf
83,164,inf,inf,inf,449.8855409990412,inf
83,165,inf,inf,inf,671.6784945195134,inf
83,166,inf,inf,inf,328.3900120283807,inf
83,167,inf,inf,inf,769.5563657068922,inf
83,168,inf,inf,inf,251.3483638299641,inf
83,169,inf,inf,inf,900.1805374479055,inf
83,170,inf,inf,inf,1069.753709972534,inf
84,85,inf,inf,inf,1414.833205717197,inf
84,86,inf,inf,inf,1001.8672566762525,inf
84,87,inf,inf,inf,1039.6739873633464,inf
84,88,inf,inf,inf,199.01004999748127,inf
84,89,inf,inf,inf,482.5981765402766,inf
84,90,inf,inf,inf,1357.5750439662627,inf
84,91,inf,inf,inf,580.3447251418763,inf
84,92,inf,inf,inf,1266.0683235907927,inf
84,93,inf,inf,inf,1151.1733144926527,inf
84,94,inf,inf,inf,872.9948453456068,inf
84,95,inf,inf,inf,1302.8537907225048,inf
84,96,inf,inf,inf,466.6176164698457,inf
84,97,inf,inf,inf,59.36328831862332,inf
84,98,inf,inf,inf,473.34237080574144,inf
84,99,inf,inf,inf,911.8119323632478,inf
84,100,inf,inf,inf,1244.4488740000531,inf
84,101,inf,inf,inf,156.7322557739791,inf
84,102,inf,inf,inf,807.2651361231947,inf
84,103,inf,inf,inf,1212.4899999587626,inf
84,104,inf,inf,inf,764.3768703983658,inf
84,105,inf,inf,inf,1233.5866406539915,inf
84,106,inf,inf,inf,272.472016911829,inf
84,107,inf,inf,inf,842.0023752935617,inf
84,108,inf,inf,inf,701.4969707703661,inf
84,109,inf,inf,inf,645.0310070066399,inf
84,110,inf,inf,inf,729.6821225711919,inf
84,111,inf,inf,inf,331.6986584235758,inf
84,112,inf,inf,inf,221.38202275704322,inf
84,113,inf,inf,inf,972.4895886332151,inf
84,114,inf,inf,inf,429.79064671069796,inf
84,115,inf,inf,inf,1137.7539277014164,inf
84,116,inf,inf,inf,151.32745950421557,inf
84,117,inf,inf,inf,593.8114178760795,inf
84,118,inf,inf,inf,745.9845842911233,inf
84,119,inf,inf,inf,1097.765913116271,inf
84,120,inf,inf,inf,716.1180070351534,inf
84,121,inf,inf,inf,632.3804234794117,inf
84,122,inf,inf,inf,769.9376598140917,inf
84,123,inf,inf,inf,300.6958596322869,inf
84,124,inf,inf,inf,1045.3487456346804,inf
84,125,inf,inf,inf,455.5930201396856,inf
84,126,inf,inf,inf,207.46083967823904,inf
84,127,inf,inf,inf,198.3053201505194,inf
84,128,inf,inf,inf,1392.514631880039,inf
84,129,inf,inf,inf,398.7392631783331,inf
84,130,inf,inf,inf,759.921048530701,inf
84,131,inf,inf,inf,796.5481780783884,inf
84,132,inf,inf,inf,125.87692401707312,inf
84,133,inf,inf,inf,1327.6332324855384,inf
84,134,inf,inf,inf,329.47989316496995,inf
84,135,inf,inf,inf,594.3483826847685,inf
84,136,inf,inf,inf,363.03443362854716,inf
84,137,inf,inf,inf,266.7376988728815,inf
84,138,inf,inf,inf,100.16985574512923,inf
84,139,inf,inf,inf,929.7037162451272,inf
84,140,inf,inf,inf,1260.478083903088,inf
84,141,inf,inf,inf,779.698659739774,inf
84,142,inf,inf,inf,1159.9758618178225,inf
84,143,inf,inf,inf,1038.857545575908,inf
84,144,inf,inf,inf,962.1377240291538,inf
84,145,inf,inf,inf,173.0028901492689,inf
84,146,inf,inf,inf,1175.0425524209752,inf
84,147,inf,inf,inf,864.1834296027666,inf
84,148,inf,inf,inf,463.67445476325304,inf
84,149,inf,inf,inf,193.58202395883765,inf
84,150,inf,inf,inf,1142.1751179219411,inf
84,151,inf,inf,inf,515.0349502703676,inf
84,152,inf,inf,inf,1173.269363786509,inf
84,153,inf,inf,inf,1136.3313777239455,inf
84,154,inf,inf,inf,1168.2247215326338,inf
84,155,inf,inf,inf,1115.238539506235,inf
84,156,inf,inf,inf,1345.8339422083245,inf
84,157,inf,inf,inf,718.7523913003698,inf
84,158,inf,inf,inf,1346.3153419611617,inf
84,159,inf,inf,inf,834.3872002853351,inf
84,160,inf,inf,inf,1262.922404583908,inf
84,161,inf,inf,inf,773.6924453553879,inf
84,162,inf,inf,inf,770.5063270343729,inf
84,163,inf,inf,inf,946.1463945922957,inf
84,164,inf,inf,inf,511.45381023118796,inf
84,165,inf,inf,inf,525.37605579242,inf
84,166,inf,inf,inf,802.7677123551993,inf
84,167,inf,inf,inf,222.3892983036729,inf
84,168,inf,inf,inf,1170.2461279577044,inf
84,169,inf,inf,inf,103.40696301506973,inf
84,170,inf,inf,inf,634.562053703182,inf
85,86,inf,inf,inf,482.96687256995176,inf
85,87,inf,inf,inf,421.68353062456686,inf
85,88,inf,inf,inf,1230.0934923817783,inf
85,89,inf,inf,inf,973.318036409477,inf
85,90,inf,inf,inf,83.6719785830358,inf
85,91,inf,inf,inf,879.9732950493441,inf
85,92,inf,inf,inf,430.24876525098824,inf
85,93,inf,inf,inf,370.6116565894818,inf
85,94,inf,inf,inf,544.0266537588025,inf
85,95,inf,inf,inf,120.00416659433121,inf
85,96,inf,inf,inf,1251.5770052218122,inf
85,97,inf,inf,inf,1472.7542225368088,inf
85,98,inf,inf,inf,1435.0783950711543,inf
85,99,inf,inf,inf,584.5836124969635,inf
85,100,inf,inf,inf,231.86634080866503,inf
85,101,inf,inf,inf,1344.1019306585345,inf
85,102,inf,inf,inf,703.5978965289763,inf
85,103,inf,inf,inf,216.0208323287363,inf
85,104,inf,inf,inf,757.3803535872844,inf
85,105,inf,inf,inf,396.3495931624,inf
85,106,inf,inf,inf,1436.4957361579602,inf
85,107,inf,inf,inf,632.5037549295656,inf
85,108,inf,inf,inf,805.1217299265994,inf
85,109,inf,inf,inf,794.7137849565717,inf
85,110,inf,inf,inf,1147.8697661320296,inf
85,111,inf,inf,inf,1459.5852150525504,inf
85,112,inf,inf,inf,1210.0103305344132,inf
85,113,inf,inf,inf,574.0496494206751,inf
85,114,inf,inf,inf,1441.291434790341,inf
85,115,inf,inf,inf,994.6099738088293,inf
85,116,inf,inf,inf,1355.7525585445155,inf
85,117,inf,inf,inf,843.8915807140156,inf
85,118,inf,inf,inf,669.1382517835907,inf
85,119,inf,inf,inf,524.6303460532949,inf
85,120,inf,inf,inf,1163.8436321087124,inf
85,121,inf,inf,inf,850.8842459465329,inf
85,122,inf,inf,inf,861.1207813077094,inf
85,123,inf,inf,inf,1462.737502082995,inf
85,124,inf,inf,inf,469.34528867348826,inf
85,125,inf,inf,inf,1239.3877520776134,inf
85,126,inf,inf,inf,1479.7732934473443,inf
85,127,inf,inf,inf,1475.3670729686223,inf
85,128,inf,inf,inf,449.02115763068446,inf
85,129,inf,inf,inf,1407.5688260259246,inf
85,130,inf,inf,inf,758.2908413003549,inf
85,131,inf,inf,inf,1286.1702842158966,inf
85,132,inf,inf,inf,1484.3530577325598,inf
85,133,inf,inf,inf,459.2700730507051,inf
85,134,inf,inf,inf,1210.8591990813795,inf
85,135,inf,inf,inf,848.8091658317552,inf
85,136,inf,inf,inf,1205.159325566541,inf
85,137,inf,inf,inf,1436.5409844484075,inf
85,138,inf,inf,inf,1427.4890542487533,inf
85,139,inf,inf,inf,789.9392381696202,inf
85,140,inf,inf,inf,560.902843636935,inf
85,141,inf,inf,inf,709.1861532771209,inf
85,142,inf,inf,inf,295.006779583114,inf
85,143,inf,inf,inf,914.4189411861502,inf
85,144,inf,inf,inf,531.6483800407935,inf
85,145,inf,inf,inf,1326.5176214434546,inf
85,146,inf,inf,inf,444.292696316291,inf
85,147,inf,inf,inf,1092.931836849856,inf
85,148,inf,inf,inf,979.5228430210293,inf
85,149,inf,inf,inf,1229.1318074152991,inf
85,150,inf,inf,inf,532.0798812208558,inf
85,151,inf,inf,inf,949.0932514774299,inf
85,152,inf,inf,inf,312.23388669393336,inf
85,153,inf,inf,inf,626.038337484215,inf
85,154,inf,inf,inf,463.1457653914154,inf
85,155,inf,inf,inf,570.4121317082938,inf
85,156,inf,inf,inf,332.05421244128195,inf
85,157,inf,inf,inf,1197.144936922844,inf
85,158,inf,inf,inf,244.07375934335914,inf
85,159,inf,inf,inf,582.8250166216271,inf
85,160,inf,inf,inf,328.63657739210953,inf
85,161,inf,inf,inf,665.2435644183264,inf
85,162,inf,inf,inf,647.5376436933994,inf
85,163,inf,inf,inf,489.532429977831,inf
85,164,inf,inf,inf,986.6032637286378,inf
85,165,inf,inf,inf,958.1696092028801,inf
85,166,inf,inf,inf,612.066172893095,inf
85,167,inf,inf,inf,1284.274114042637,inf
85,168,inf,inf,inf,372.2539455801644,inf
85,169,inf,inf,inf,1335.2363086734872,inf
85,170,inf,inf,inf,1260.4142176284747,inf
86,87,inf,inf,inf,377.02519809689113,inf
86,88,inf,inf,inf,805.3949341782577,inf
86,89,inf,inf,inf,642.4523328621353,inf
86,90,inf,inf,inf,405.2653451752321,inf
86,91,inf,inf,inf,428.1798687467686,inf
86,92,inf,inf,inf,283.8045101826255,inf
86,93,inf,inf,inf,149.4590244849738,inf
86,94,inf,inf,inf,202.25231766286387,inf
86,95,inf,inf,inf,408.6392051675904,inf
86,96,inf,inf,inf,774.1382305505911,inf
86,97,inf,inf,inf,1055.9706435313437,inf
86,98,inf,inf,inf,1144.3150789883002,inf
86,99,inf,inf,inf,457.4986338777418,inf
86,100,inf,inf,inf,263.48624252510797,inf
86,101,inf,inf,inf,905.0419879762485,inf
86,102,inf,inf,inf,521.1765535785354,inf
86,103,inf,inf,inf,362.5051723768917,inf
86,104,inf,inf,inf,277.6508598942204,inf
86,105,inf,inf,inf,240.18742681497713,inf
86,106,inf,inf,inf,977.3192927595362,inf
86,107,inf,inf,inf,163.17475294910057,inf
86,108,inf,inf,inf,571.0131347000697,inf
86,109,inf,inf,inf,356.84870743775997,inf
86,110,inf,inf,inf,969.9783502738605,inf
86,111,inf,inf,inf,1125.011111056242,inf
86,112,inf,inf,inf,824.0606773775825,inf
86,113,inf,inf,inf,512.1035051627747,inf
86,114,inf,inf,inf,1136.7893384440233,inf
86,115,inf,inf,inf,1016.5480805156242,inf
86,116,inf,inf,inf,916.7038780325956,inf
86,117,inf,inf,inf,521.4230528083698,inf
86,118,inf,inf,inf,304.6653902234384,inf
86,119,inf,inf,inf,575.2947070849862,inf
86,120,inf,inf,inf,979.4840478537667,inf
86,121,inf,inf,inf,578.0631453396766,inf
86,122,inf,inf,inf,695.0755354635926,inf
86,123,inf,inf,inf,1119.3015679431526,inf
86,124,inf,inf,inf,458.0,inf
86,125,inf,inf,inf,952.8740735270322,inf
86,126,inf,inf,inf,1109.6855410430471,inf
86,127,inf,inf,inf,1103.4640909427003,inf
86,128,inf,inf,inf,733.2700730290306,inf
86,129,inf,inf,inf,1097.012762004162,inf
86,130,inf,inf,inf,555.6851626595765,inf
86,131,inf,inf,inf,1121.9380553310418,inf
86,132,inf,inf,inf,1092.3355711501847,inf
86,133,inf,inf,inf,697.3894177573961,inf
86,134,inf,inf,inf,875.274242737669,inf
86,135,inf,inf,inf,408.0490166634396,inf
86,136,inf,inf,inf,881.9183635688737,inf
86,137,inf,inf,inf,978.1048001109084,inf
86,138,inf,inf,inf,994.949244936645,inf
86,139,inf,inf,inf,720.6837031597148,inf
86,140,inf,inf,inf,339.365584583941,inf
86,141,inf,inf,inf,236.21176939348302,inf
86,142,inf,inf,inf,188.1754500459611,inf
86,143,inf,inf,inf,497.40225170378955,inf
86,144,inf,inf,inf,440.12384620695116,inf
86,145,inf,inf,inf,886.0090292993633,inf
86,146,inf,inf,inf,565.9549452032379,inf
86,147,inf,inf,inf,628.3128201779747,inf
86,148,inf,inf,inf,540.8918561043419,inf
86,149,inf,inf,inf,808.6556745611819,inf
86,150,inf,inf,inf,213.56497840235883,inf
86,151,inf,inf,inf,497.80016070708535,inf
86,152,inf,inf,inf,428.68753189240294,inf
86,153,inf,inf,inf,701.0884394996112,inf
86,154,inf,inf,inf,577.4469672619296,inf
86,155,inf,inf,inf,634.5589019153383,inf
86,156,inf,inf,inf,345.20863256876993,inf
86,157,inf,inf,inf,717.0111575143026,inf
86,158,inf,inf,inf,347.6909547284772,inf
86,159,inf,inf,inf,289.6204412675321,inf
86,160,inf,inf,inf,261.1991577321795,inf
86,161,inf,inf,inf,231.00216449202375,inf
86,162,inf,inf,inf,332.3642580061821,inf
86,163,1.0,113.9533,113.95331880577395,102.59142264341595,1.1107489872896033
86,164,inf,inf,inf,685.0437942204863,inf
86,165,inf,inf,inf,499.20136217762865,inf
86,166,inf,inf,inf,273.7480593538519,inf
86,167,inf,inf,inf,920.1440104679267,inf
86,168,inf,inf,inf,491.0091648839154,inf
86,169,inf,inf,inf,910.2642473479885,inf
86,170,inf,inf,inf,777.5506414375851,inf
87,88,inf,inf,inf,871.7528319426327,inf
87,89,inf,inf,inf,571.6511173784234,inf
87,90,inf,inf,inf,398.7430250173663,inf
87,91,inf,inf,inf,583.8852627015003,inf
87,92,inf,inf,inf,571.7665607570977,inf
87,93,inf,inf,inf,410.7578362003578,inf
87,94,inf,inf,inf,254.9078264785136,inf
87,95,inf,inf,inf,301.8774585821207,inf
87,96,inf,inf,inf,978.9147051709868,inf
87,97,inf,inf,inf,1098.9130993850242,inf
87,98,inf,inf,inf,1014.7497228380996,inf
87,99,inf,inf,inf,163.11039206623224,inf
87,100,inf,inf,inf,375.41044204976504,inf
87,101,inf,inf,inf,995.4260394424088,inf
87,102,inf,inf,inf,282.04432275796654,inf
87,103,inf,inf,inf,206.77040407176264,inf
87,104,inf,inf,inf,545.1917094013811,inf
87,105,inf,inf,inf,517.117008035899,inf
87,106,inf,inf,inf,1111.6478759031568,inf
87,107,inf,inf,inf,425.3116504400038,inf
87,108,inf,inf,inf,385.87562763149475,inf
87,109,inf,inf,inf,494.52300249836713,inf
87,110,inf,inf,inf,732.5476093742986,inf
87,111,inf,inf,inf,1046.5763230648781,inf
87,112,inf,inf,inf,823.8495008191727,inf
87,113,inf,inf,inf,168.90825912311098,inf
87,114,inf,inf,inf,1022.5389968113685,inf
87,115,inf,inf,inf,663.5977697370599,inf
87,116,inf,inf,inf,1006.6071726348864,inf
87,117,inf,inf,inf,447.90400757305133,inf
87,118,inf,inf,inf,332.84380721293286,inf
87,119,inf,inf,inf,198.65548066942426,inf
87,120,inf,inf,inf,747.5486606235075,inf
87,121,inf,inf,inf,437.2241987813575,inf
87,122,inf,inf,inf,442.67595371784086,inf
87,123,inf,inf,inf,1052.1216659683423,inf
87,124,inf,inf,inf,83.18653737234169,inf
87,125,inf,inf,inf,819.8469369339621,inf
87,126,inf,inf,inf,1078.41086789776,inf
87,127,inf,inf,inf,1074.8660381647567,inf
87,128,inf,inf,inf,402.975185340239,inf
87,129,inf,inf,inf,990.018686692327,inf
87,130,inf,inf,inf,337.013352851189,inf
87,131,inf,inf,inf,875.7608120942613,inf
87,132,inf,inf,inf,1093.6932842438048,inf
87,133,inf,inf,inf,351.3687521678614,inf
87,134,inf,inf,inf,802.3272399713225,inf
87,135,inf,inf,inf,542.4426236939719,inf
87,136,inf,inf,inf,793.1405928333261,inf
87,137,inf,inf,inf,1110.4616157256405,inf
87,138,inf,inf,inf,1068.9246933250256,inf
87,139,inf,inf,inf,398.016331323226,inf
87,140,inf,inf,inf,675.8764680028445,inf
87,141,inf,inf,inf,486.2591901445154,inf
87,142,inf,inf,inf,324.1635389737717,inf
87,143,inf,inf,inf,867.219118792938,inf
87,144,inf,inf,inf,111.8257573191436,inf
87,145,inf,inf,inf,980.2040603874277,inf
87,146,inf,inf,inf,199.1004771465905,inf
87,147,inf,inf,inf,959.0083419866586,inf
87,148,inf,inf,inf,653.6665816760101,inf
87,149,inf,inf,inf,867.0178775550132,inf
87,150,inf,inf,inf,569.914028604315,inf
87,151,inf,inf,inf,643.3234023413107,inf
87,152,inf,inf,inf,133.71985641631537,inf
87,153,inf,inf,inf,325.5103684984551,inf
87,154,inf,inf,inf,206.87435800504613,inf
87,155,inf,inf,inf,258.3582783655287,inf
87,156,inf,inf,inf,555.9361474126323,inf
87,157,inf,inf,inf,1005.0676594140317,inf
87,158,inf,inf,inf,494.0131577195085,inf
87,159,inf,inf,inf,229.61707253599414,inf
87,160,inf,inf,inf,484.3686612488467,inf
87,161,inf,inf,inf,396.0934233233367,inf
87,162,inf,inf,inf,282.8745304901097,inf
87,163,inf,inf,inf,293.24563082849164,inf
87,164,inf,inf,inf,574.6659899454639,inf
87,165,inf,inf,inf,663.54351778915,inf
87,166,inf,inf,inf,278.18339274658365,inf
87,167,inf,inf,inf,884.5840830582472,inf
87,168,inf,inf,inf,146.18481453283715,inf
87,169,inf,inf,inf,972.6895702124085,inf
87,170,inf,inf,inf,1038.1218618254795,inf
88,89,inf,inf,inf,353.3751547576598,inf
88,90,inf,inf,inf,1169.6208787466132,inf
88,91,inf,inf,inf,381.63464203345063,inf
88,92,inf,inf,inf,1067.3668535231923,inf
88,93,inf,inf,inf,954.8429190186206,inf
88,94,inf,inf,inf,686.1668893206667,inf
88,95,inf,inf,inf,1120.967885356222,inf
88,96,inf,inf,inf,339.4539733159711,inf
88,97,inf,inf,inf,250.80071770232237,inf
88,98,inf,inf,inf,553.6244214266563,inf
88,99,inf,inf,inf,758.2769942441878,inf
88,100,inf,inf,inf,1051.9486679491542,inf
88,101,inf,inf,inf,128.06248474865697,inf
88,102,inf,inf,inf,665.5554071600651,inf
88,103,inf,inf,inf,1033.1819781626082,inf
88,104,inf,inf,inf,565.4281563558716,inf
88,105,inf,inf,inf,1035.4598012477356,inf
88,106,inf,inf,inf,273.1629550286788,inf
88,107,inf,inf,inf,644.4974786607004,inf
88,108,inf,inf,inf,569.0421776986307,inf
88,109,inf,inf,inf,449.1102314577124,inf
88,110,inf,inf,inf,702.0348994174008,inf
88,111,inf,inf,inf,444.7842173458946,inf
88,112,inf,inf,inf,148.07092894960846,inf
88,113,inf,inf,inf,825.3829414277957,inf
88,114,inf,inf,inf,518.6260695337248,inf
88,115,inf,inf,inf,1067.3223505576934,inf
88,116,inf,inf,inf,138.19189556555045,inf
88,117,inf,inf,inf,439.1821945388952,inf
88,118,inf,inf,inf,561.8398348283966,inf
88,119,inf,inf,inf,952.87197461149,inf
88,120,inf,inf,inf,693.087296089028,inf
88,121,inf,inf,inf,498.5037612696618,inf
88,122,inf,inf,inf,666.1658952543278,inf
88,123,inf,inf,inf,421.5412198113015,inf
88,124,inf,inf,inf,887.2457382258874,inf
88,125,inf,inf,inf,460.36941688170384,inf
88,126,inf,inf,inf,359.8624737312853,inf
88,127,inf,inf,inf,351.2406582387637,inf
88,128,inf,inf,inf,1243.3543340496306,inf
88,129,inf,inf,inf,478.76925548744254,inf
88,130,inf,inf,inf,625.0,inf
88,131,inf,inf,inf,802.1421320439415,inf
88,132,inf,inf,inf,307.8473647767673,inf
88,133,inf,inf,inf,1180.171597692471,inf
88,134,inf,inf,inf,309.8935301034857,inf
88,135,inf,inf,inf,397.3524883525961,inf
88,136,inf,inf,inf,344.9884056022753,inf
88,137,inf,inf,inf,269.7035409482048,inf
88,138,inf,inf,inf,198.2447981663075,inf
88,139,inf,inf,inf,821.7164961225982,inf
88,140,inf,inf,inf,1061.7956488891825,inf
88,141,inf,inf,inf,581.0550748423078,inf
88,142,inf,inf,inf,967.7070837810376,inf
88,143,inf,inf,inf,854.4705963343619,inf
88,144,inf,inf,inf,804.8850849655496,inf
88,145,inf,inf,inf,117.47765745025733,inf
88,146,inf,inf,inf,1023.0395886768019,inf
88,147,inf,inf,inf,699.5212648661941,inf
88,148,inf,inf,inf,265.37709019431196,inf
88,149,1.0,19.4853,19.48528137423857,18.027756377319946,1.0808489401793937
88,150,inf,inf,inf,943.1717765073338,inf
88,151,inf,inf,inf,316.0253154416589,inf
88,152,inf,inf,inf,1004.025896080375,inf
88,153,inf,inf,inf,1007.8104980600272,inf
88,154,inf,inf,inf,1018.3525911981567,inf
88,155,inf,inf,inf,977.9590993492519,inf
88,156,inf,inf,inf,1148.4467771734135,inf
88,157,inf,inf,inf,573.7333875590648,inf
88,158,inf,inf,inf,1151.2402008269169,inf
88,159,inf,inf,inf,655.9153908851355,inf
88,160,inf,inf,inf,1066.0750442628323,inf
88,161,inf,inf,inf,579.193404658582,inf
88,162,inf,inf,inf,593.8998232025331,inf
88,163,inf,inf,inf,753.8408320063328,inf
88,164,inf,inf,inf,403.7078151336682,inf
88,165,inf,inf,inf,326.9877673552942,inf
88,166,inf,inf,inf,619.8653079500417,inf
88,167,inf,inf,inf,244.23349483639626,inf
88,168,inf,inf,inf,1008.7403035469536,inf
88,169,inf,inf,inf,105.65036677645753,inf
88,170,inf,inf,inf,506.6142516747826,inf
89,90,inf,inf,inf,927.9789868310596,inf
89,91,inf,inf,inf,351.6546601425893,inf
89,92,inf,inf,inf,926.2235151409188,inf
89,93,inf,inf,inf,779.6031041497974,inf
89,94,inf,inf,inf,462.3948529125297,inf
89,95,inf,inf,inf,855.6710816663141,inf
89,96,inf,inf,inf,609.328318724807,inf
89,97,inf,inf,inf,541.6133307074338,inf
89,98,inf,inf,inf,502.1732768676565,inf
89,99,inf,inf,inf,432.26149493101974,inf
89,100,inf,inf,inf,839.4343333459741,inf
89,101,inf,inf,inf,480.285331860135,inf
89,102,inf,inf,inf,324.69370181757455,inf
89,103,inf,inf,inf,761.0026281163555,inf
89,104,inf,inf,inf,510.23621980412173,inf
89,105,inf,inf,inf,881.62180100086,inf
89,106,inf,inf,inf,625.2071656659095,inf
89,107,inf,inf,inf,514.8057886232439,inf
89,108,inf,inf,inf,219.93862780330335,inf
89,109,inf,inf,inf,342.5113136817527,inf
89,110,inf,inf,inf,429.24235578516715,inf
89,111,inf,inf,inf,492.0254058481127,inf
89,112,inf,inf,inf,261.283371074395,inf
89,113,inf,inf,inf,490.2417770855519,inf
89,114,inf,inf,inf,494.6160126805439,inf
89,115,inf,inf,inf,727.9869504324923,inf
89,116,inf,inf,inf,489.56817707036475,inf
89,117,inf,inf,inf,130.31116606031887,inf
89,118,inf,inf,inf,339.6733725213091,inf
89,119,inf,inf,inf,615.1723335781609,inf
89,120,inf,inf,inf,428.47637041031794,inf
89,121,inf,inf,inf,150.0133327407934,inf
89,122,inf,inf,inf,315.3490129998824,inf
89,123,inf,inf,inf,491.7977226462115,inf
89,124,inf,inf,inf,567.3631993705619,inf
89,125,inf,inf,inf,314.391475711413,inf
89,126,inf,inf,inf,507.72925856208053,inf
89,127,inf,inf,inf,503.8412448380938,inf
89,128,inf,inf,inf,910.0549433962765,inf
89,129,inf,inf,inf,455.3877468707299,inf
89,130,inf,inf,inf,277.9370432310166,inf
89,131,inf,inf,inf,566.2949761387611,inf
89,132,inf,inf,inf,523.316347919688,inf
89,133,inf,inf,inf,845.071002934073,inf
89,134,inf,inf,inf,240.03333101883996,inf
89,135,inf,inf,inf,325.04307406865325,inf
89,136,inf,inf,inf,241.13274352522097,inf
89,137,inf,inf,inf,622.0819881655472,inf
89,138,inf,inf,inf,532.3579622772633,inf
89,139,inf,inf,inf,468.6832619157633,inf
89,140,inf,inf,inf,963.8008092961948,inf
89,141,inf,inf,inf,487.86166071951175,inf
89,142,inf,inf,inf,757.2218961440564,inf
89,143,inf,inf,inf,897.9766143948293,inf
89,144,inf,inf,inf,484.42336855275676,inf
89,145,inf,inf,inf,470.83861353971383,inf
89,146,inf,inf,inf,693.4320442552391,inf
89,147,inf,inf,inf,833.6234161778326,inf
89,148,inf,inf,inf,293.8043566729398,inf
89,149,inf,inf,inf,341.8493820383474,inf
89,150,inf,inf,inf,833.9358488516967,inf
89,151,inf,inf,inf,341.4703501037828,inf
89,152,inf,inf,inf,704.7510198644625,inf
89,153,inf,inf,inf,658.391980510091,inf
89,154,inf,inf,inf,686.1049482404277,inf
89,155,inf,inf,inf,633.645011027468,inf
89,156,inf,inf,inf,977.187801806797,inf
89,157,inf,inf,inf,772.2486646152262,inf
89,158,inf,inf,inf,954.7188067698258,inf
89,159,inf,inf,inf,397.24677468797654,inf
89,160,inf,inf,inf,891.2070466507769,inf
89,161,inf,inf,inf,424.0106130747201,inf
89,162,inf,inf,inf,334.0014970026332,inf
89,163,inf,inf,inf,557.5033632185549,inf
89,164,inf,inf,inf,70.83784299369935,inf
89,165,inf,inf,inf,374.36479535340925,inf
89,166,inf,inf,inf,383.6000521376398,inf
89,167,inf,inf,inf,313.0814590485997,inf
89,168,inf,inf,inf,693.6980611188127,inf
89,169,inf,inf,inf,436.3714014460618,inf
89,170,inf,inf,inf,745.2140632060026,inf
90,91,inf,inf,inf,811.9421161634615,inf
90,92,inf,inf,inf,350.46397817750113,inf
90,93,inf,inf,inf,287.62823227214676,inf
90,94,inf,inf,inf,484.58023071520364,inf
90,95,inf,inf,inf,114.69088891450794,inf
90,96,inf,inf,inf,1177.4013759122247,inf
90,97,inf,inf,inf,1414.8844475786707,inf
90,98,inf,inf,inf,1401.3282984368795,inf
90,99,inf,inf,inf,560.7717895900256,inf
90,100,inf,inf,inf,148.94629904767692,inf
90,101,inf,inf,inf,1280.8953899518883,inf
90,102,inf,inf,inf,676.201892928436,inf
90,103,inf,inf,inf,195.1665955024066,inf
90,104,inf,inf,inf,681.6993472198723,inf
90,105,inf,inf,inf,314.226033294506,inf
90,106,inf,inf,inf,1368.4798135157127,inf
90,107,inf,inf,inf,558.9651151905636,inf
90,108,inf,inf,inf,772.4920711567207,inf
90,109,inf,inf,inf,728.6514942000737,inf
90,110,inf,inf,inf,1131.230303695936,inf
90,111,inf,inf,inf,1417.9231290870462,inf
90,112,inf,inf,inf,1157.1292062686864,inf
90,113,inf,inf,inf,561.2290085161314,inf
90,114,inf,inf,inf,1405.0800688928728,inf
90,115,inf,inf,inf,1010.3712189091691,inf
90,116,inf,inf,inf,1292.582685943147,inf
90,117,inf,inf,inf,797.7581087021304,inf
90,118,inf,inf,inf,612.1021156637183,inf
90,119,inf,inf,inf,530.3168863990661,inf
90,120,inf,inf,inf,1146.290102897168,inf
90,121,inf,inf,inf,813.022139919941,inf
90,122,inf,inf,inf,841.361991059734,inf
90,123,inf,inf,inf,1419.4266448112069,inf
90,124,inf,inf,inf,458.3143026352112,inf
90,125,inf,inf,inf,1204.840653364585,inf
90,126,inf,inf,inf,1431.43634158142,inf
90,127,inf,inf,inf,1426.6551790814765,inf
90,128,inf,inf,inf,500.16497278398055,inf
90,129,inf,inf,inf,1370.0295617248557,inf
90,130,inf,inf,inf,729.4778954841606,inf
90,131,inf,inf,inf,1273.5089320456295,inf
90,132,inf,inf,inf,1431.680481113017,inf
90,133,inf,inf,inf,500.78338630589576,inf
90,134,inf,inf,inf,1167.2913089713295,inf
90,135,inf,inf,inf,782.738781459051,inf
90,136,inf,inf,inf,1163.7611438779008,inf
90,137,inf,inf,inf,1368.7282418361945,inf
90,138,inf,inf,inf,1366.0117129805294,inf
90,139,inf,inf,inf,784.984713226952,inf
90,140,inf,inf,inf,481.581768757913,inf
90,141,inf,inf,inf,635.411677576042,inf
90,142,inf,inf,inf,217.27862297059966,inf
90,143,inf,inf,inf,830.783365264375,inf
90,144,inf,inf,inf,510.5653728955774,inf
90,145,inf,inf,inf,1262.9251759308625,inf
90,146,inf,inf,inf,459.1481242475025,inf
90,147,inf,inf,inf,1010.1291996571528,inf
90,148,inf,inf,inf,914.8398766997425,inf
90,149,inf,inf,inf,1169.5349503114476,inf
90,150,inf,inf,inf,448.6267936715327,inf
90,151,inf,inf,inf,881.5741602383772,inf
90,152,inf,inf,inf,309.8983704377937,inf
90,153,inf,inf,inf,641.7515095424396,inf
90,154,inf,inf,inf,477.83365306349026,inf
90,155,inf,inf,inf,581.4198139038607,inf
90,156,inf,inf,inf,259.26241532470533,inf
90,157,inf,inf,inf,1116.5558651496126,inf
90,158,inf,inf,inf,170.48460341039598,inf
90,159,inf,inf,inf,532.3532661682466,inf
90,160,inf,inf,inf,246.95141222515818,inf
90,161,inf,inf,inf,597.9247444285944,inf
90,162,inf,inf,inf,596.9338321790783,inf
90,163,inf,inf,inf,420.86221023037933,inf
90,164,inf,inf,inf,946.4443987894904,inf
90,165,inf,inf,inf,888.9600665946699,inf
90,166,inf,inf,inf,556.6345300104908,inf
90,167,inf,inf,inf,1236.003640771337,inf
90,168,inf,inf,inf,379.44433056773954,inf
90,169,inf,inf,inf,1275.1301894316516,inf
90,170,inf,inf,inf,1181.5756429446233,inf
91,92,inf,inf,inf,685.7470379082946,inf
91,93,inf,inf,inf,577.2347875864725,inf
91,94,inf,inf,inf,348.08045047086455,inf
91,95,inf,inf,inf,780.5049647503852,inf
91,96,inf,inf,inf,395.03417573673295,inf
91,97,inf,inf,inf,632.1423890232327,inf
91,98,inf,inf,inf,813.5434837794475,inf
91,99,inf,inf,inf,527.7887835109799,inf
91,100,inf,inf,inf,683.5590684059425,inf
91,101,inf,inf,inf,476.8700032503617,inf
91,102,inf,inf,inf,488.4639188312684,inf
91,103,inf,inf,inf,702.4329149463314,inf
91,104,inf,inf,inf,189.1877374461675,inf
91,105,inf,inf,inf,654.198746559484,inf
91,106,inf,inf,inf,556.6695608707198,inf
91,107,inf,inf,inf,265.34505836740203,inf
91,108,inf,inf,inf,446.15916442453585,inf
91,109,inf,inf,inf,90.02777349240623,inf
91,110,inf,inf,inf,776.0644303149063,inf
91,111,inf,inf,inf,755.846545272253,inf
91,112,inf,inf,inf,429.01048938225273,inf
91,113,inf,inf,inf,604.6288117514745,inf
91,114,inf,inf,inf,793.826177446927,inf
91,115,inf,inf,inf,1005.1885395287792,inf
91,116,inf,inf,inf,488.5284024496426,inf
91,117,inf,inf,inf,303.66428831853113,inf
91,118,inf,inf,inf,252.29546171106605,inf
91,119,inf,inf,inf,724.4101048439344,inf
91,120,inf,inf,inf,777.1132478603103,inf
91,121,inf,inf,inf,398.7292314340648,inf
91,122,inf,inf,inf,590.5285767852391,inf
91,123,inf,inf,inf,742.8714559060672,inf
91,124,inf,inf,inf,627.5938176878418,inf
91,125,inf,inf,inf,647.0278201128604,inf
91,126,inf,inf,inf,712.4043795485819,inf
91,127,inf,inf,inf,705.0709184188496,inf
91,128,inf,inf,inf,984.9756342164003,inf
91,129,inf,inf,inf,751.5271119527225,inf
91,130,inf,inf,inf,478.0376554205746,inf
91,131,inf,inf,inf,917.0654284182781,inf
91,132,inf,inf,inf,680.5622675405976,inf
91,133,inf,inf,inf,929.1555305760172,inf
91,134,inf,inf,inf,527.140398755398,inf
91,135,inf,inf,inf,44.384682042344295,inf
91,136,inf,inf,inf,546.3643472994921,inf
91,137,inf,inf,inf,556.8383966645978,inf
91,138,inf,inf,inf,567.1983779948599,inf
91,139,inf,inf,inf,705.002836873725,inf
91,140,inf,inf,inf,685.1897547395174,inf
91,141,inf,inf,inf,199.42417105255822,inf
91,142,inf,inf,inf,600.8860124848972,inf
91,143,inf,inf,inf,549.4588246629587,inf
91,144,inf,inf,inf,556.6228525671579,inf
91,145,inf,inf,inf,457.83184686083166,inf
91,146,inf,inf,inf,769.6005457378523,inf
91,147,inf,inf,inf,490.5231900736193,inf
91,148,inf,inf,inf,117.10678887237921,inf
91,149,inf,inf,inf,387.03229839381623,inf
91,150,inf,inf,inf,563.42168932337,inf
91,151,inf,inf,inf,70.00714249274856,inf
91,152,inf,inf,inf,703.56307464221,inf
91,153,inf,inf,inf,817.1713406624096,inf
91,154,inf,inf,inf,771.018158022235,inf
91,155,inf,inf,inf,767.5135177962666,inf
91,156,inf,inf,inf,768.2375934566077,inf
91,157,inf,inf,inf,463.2116147075762,inf
91,158,inf,inf,inf,775.8124773423021,inf
91,159,inf,inf,inf,354.79853438254224,inf
91,160,inf,inf,inf,687.0029112019832,inf
91,161,inf,inf,inf,214.75567512873786,inf
91,162,inf,inf,inf,311.5124395590006,inf
91,163,inf,inf,inf,391.14319628494115,inf
91,164,inf,inf,inf,419.934518705,inf
91,165,inf,inf,inf,80.62257748298549,inf
91,166,inf,inf,inf,305.73845031333565,inf
91,167,inf,inf,inf,538.2722359550045,inf
91,168,inf,inf,inf,730.0109588218522,inf
91,169,inf,inf,inf,484.90514536350304,inf
91,170,inf,inf,inf,470.0521247691579,inf
92,93,inf,inf,inf,165.19382555047267,inf
92,94,inf,inf,inf,477.69969646211837,inf
92,95,inf,inf,inf,429.2842880889074,inf
92,96,inf,inf,inf,978.0884418088172,inf
92,97,inf,inf,inf,1317.6801584603147,inf
92,98,inf,inf,inf,1428.1190426571588,inf
92,99,inf,inf,inf,696.6204131375996,inf
92,100,inf,inf,inf,231.9051530259731,inf
92,101,inf,inf,inf,1156.3009988752929,inf
92,102,inf,inf,inf,781.4166622231702,inf
92,103,inf,inf,inf,447.532121752171,inf
92,104,inf,inf,inf,506.7316844248048,inf
92,105,inf,inf,inf,54.67174773134658,inf
92,106,inf,inf,inf,1208.6397312681725,inf
92,107,inf,inf,inf,428.05256686533255,inf
92,108,inf,inf,inf,844.7277667982745,inf
92,109,inf,inf,inf,627.034289333526,inf
92,110,inf,inf,inf,1241.52527159136,inf
92,111,inf,inf,inf,1406.859268015106,inf
92,112,inf,inf,inf,1099.7713398702479,inf
92,113,inf,inf,inf,734.0224792198125,inf
92,114,inf,inf,inf,1420.4312725366194,inf
92,115,inf,inf,inf,1235.3643187335467,inf
92,116,inf,inf,inf,1167.7384124880025,inf
92,117,inf,inf,inf,804.8384931152336,inf
92,118,inf,inf,inf,588.1836447913186,inf
92,119,inf,inf,inf,760.3058595065542,inf
92,120,inf,inf,inf,1252.297887884508,inf
92,121,inf,inf,inf,857.8962641252147,inf
92,122,inf,inf,inf,958.5014345320512,inf
92,123,inf,inf,inf,1400.1960577004922,inf
92,124,inf,inf,inf,653.6000305997545,inf
92,125,inf,inf,inf,1236.4546089525486,inf
92,126,inf,inf,inf,1386.2038089689408,inf
92,127,inf,inf,inf,1379.635459097801,inf
92,128,inf,inf,inf,824.5059126531477,inf
92,129,inf,inf,inf,1380.523089267253,inf
92,130,inf,inf,inf,822.4335839446247,inf
92,131,inf,inf,inf,1392.838827718412,inf
92,132,inf,inf,inf,1363.2673985686008,inf
92,133,inf,inf,inf,809.7610758736184,inf
92,134,inf,inf,inf,1158.0854890723742,inf
92,135,inf,inf,inf,674.0897566348268,inf
92,136,inf,inf,inf,1165.3862020806664,inf
92,137,inf,inf,inf,1210.2842641297127,inf
92,138,inf,inf,inf,1248.9199333824406,inf
92,139,inf,inf,inf,958.8628681933616,inf
92,140,inf,inf,inf,131.18688958886096,inf
92,141,inf,inf,inf,486.37125737444643,inf
92,142,inf,inf,inf,249.64975465639858,inf
92,143,inf,inf,inf,508.2519060465981,inf
92,144,inf,inf,inf,664.7766542230556,inf
92,145,inf,inf,inf,1136.6182296620093,inf
92,146,inf,inf,inf,719.573484781089,inf
92,147,inf,inf,inf,720.1069365031835,inf
92,148,inf,inf,inf,802.4543600728954,inf
92,149,inf,inf,inf,1072.6383360667285,inf
92,150,inf,inf,inf,142.52368224263643,inf
92,151,inf,inf,inf,752.2393236198171,inf
92,152,inf,inf,inf,559.303137842083,inf
92,153,inf,inf,inf,886.70739254841,inf
92,154,inf,inf,inf,735.6969484781081,inf
92,155,inf,inf,inf,819.5925817136219,inf
92,156,inf,inf,inf,118.2285921425101,inf
92,157,inf,inf,inf,856.5197020501046,inf
92,158,inf,inf,inf,191.0026177831079,inf
92,159,inf,inf,inf,561.5380663855301,inf
92,160,inf,inf,inf,106.6770828247567,inf
92,161,inf,inf,inf,509.6400690683573,inf
92,162,inf,inf,inf,611.3534166094109,inf
92,163,inf,inf,inf,375.89892258425004,inf
92,164,inf,inf,inf,968.3986782312335,inf
92,165,inf,inf,inf,746.4455773865902,inf
92,166,inf,inf,inf,553.7192429381519,inf
92,167,inf,inf,inf,1199.3206410297457,inf
92,168,inf,inf,inf,634.6723564170729,inf
92,169,inf,inf,inf,1170.091449417523,inf
92,170,inf,inf,inf,939.1368377398471,inf
93,94,inf,inf,inf,321.30981933330327,inf
93,95,inf,inf,inf,326.0490760606446,inf
93,96,inf,inf,inf,912.7387358932456,inf
93,97,inf,inf,inf,1205.3895635851507,inf
93,98,inf,inf,inf,1279.1610531907231,inf
93,99,inf,inf,inf,531.4894166396919,inf
93,100,inf,inf,inf,138.75518008348374,inf
93,101,inf,inf,inf,1054.0801677291913,inf
93,102,inf,inf,inf,617.1199235156811,inf
93,103,inf,inf,inf,314.91586177898375,inf
93,104,inf,inf,inf,418.60721446243616,inf
93,105,inf,inf,inf,111.60645142642964,inf
93,106,inf,inf,inf,1123.4593895642156,inf
93,107,inf,inf,inf,311.91024349963243,inf
93,108,inf,inf,inf,683.7967534289703,inf
93,109,inf,inf,inf,506.1472117872428,inf
93,110,inf,inf,inf,1078.8679251882502,inf
93,111,inf,inf,inf,1266.9112044654116,inf
93,112,inf,inf,inf,971.148804251954,inf
93,113,inf,inf,inf,570.312195205398,inf
93,114,inf,inf,inf,1273.9858711932404,inf
93,115,inf,inf,inf,1073.6125930707035,inf
93,116,inf,inf,inf,1065.7297968997582,inf
93,117,inf,inf,inf,654.3790950206158,inf
93,118,inf,inf,inf,439.96931711200045,inf
93,119,inf,inf,inf,603.5975480400828,inf
93,120,inf,inf,inf,1090.07568544574,inf
93,121,inf,inf,inf,700.960055923303,inf
93,122,inf,inf,inf,794.3324241147405,inf
93,123,inf,inf,inf,1262.433364578107,inf
93,124,inf,inf,inf,493.4713770828051,inf
93,125,inf,inf,inf,1085.3593874841642,inf
93,126,inf,inf,inf,1256.0573235326483,inf
93,127,inf,inf,inf,1250.0099999600004,inf
93,128,inf,inf,inf,700.3834663953741,inf
93,129,inf,inf,inf,1234.987044466459,inf
93,130,inf,inf,inf,659.2419889539804,inf
93,131,inf,inf,inf,1229.8166530015765,inf
93,132,inf,inf,inf,1240.6470086209051,inf
93,133,inf,inf,inf,676.8825599762488,inf
93,134,inf,inf,inf,1015.8331555919998,inf
93,135,inf,inf,inf,557.5033632185549,inf
93,136,inf,inf,inf,1020.4675399051163,inf
93,137,inf,inf,inf,1124.414958989785,inf
93,138,inf,inf,inf,1144.2351156995664,inf
93,139,inf,inf,inf,794.0963417621315,inf
93,140,inf,inf,inf,266.54267950930483,inf
93,141,inf,inf,inf,382.6878623630491,inf
93,142,inf,inf,inf,102.48902380255166,inf
93,143,inf,inf,inf,549.968180897768,inf
93,144,inf,inf,inf,500.4687802450818,inf
93,145,inf,inf,inf,1034.9734296106349,inf
93,146,inf,inf,inf,570.9684754870448,inf
93,147,inf,inf,inf,722.504671265176,inf
93,148,inf,inf,inf,690.328907116021,inf
93,149,inf,inf,inf,958.0365337501488,inf
93,150,inf,inf,inf,180.01111076819674,inf
93,151,inf,inf,inf,646.669158070802,inf
93,152,inf,inf,inf,414.58533500354304,inf
93,153,inf,inf,inf,730.8960254372711,inf
93,154,inf,inf,inf,585.9257632157849,inf
93,155,inf,inf,inf,663.4131442773802,inf
93,156,inf,inf,inf,198.56736892047493,inf
93,157,inf,inf,inf,832.5172670881968,inf
93,158,inf,inf,inf,199.81241202688085,inf
93,159,inf,inf,inf,401.7984569407902,inf
93,160,inf,inf,inf,113.01769772916099,inf
93,161,inf,inf,inf,378.89312477267254,inf
93,162,inf,inf,inf,455.36798306424663,inf
93,163,inf,inf,inf,222.24535990656813,inf
93,164,inf,inf,inf,816.9853119854725,inf
93,165,inf,inf,inf,647.0394114735207,inf
93,166,inf,inf,inf,399.4446144335908,inf
93,167,inf,inf,inf,1065.1276918754859,inf
93,168,inf,inf,inf,487.64331226830126,inf
93,169,inf,inf,inf,1059.7230770347505,inf
93,170,inf,inf,inf,902.058202113367,inf
94,95,inf,inf,inf,437.36026339849394,inf
94,96,inf,inf,inf,739.083215883029,inf
94,97,inf,inf,inf,930.3526213216148,inf
94,98,inf,inf,inf,958.9499465561277,inf
94,99,inf,inf,inf,275.44327909753036,inf
94,100,inf,inf,inf,379.5273376187808,inf
94,101,inf,inf,inf,800.5154589388015,inf
94,102,inf,inf,inf,321.75922675193016,inf
94,103,inf,inf,inf,355.2182427747764,inf
94,104,inf,inf,inf,290.5580836941213,inf
94,105,inf,inf,inf,428.6163785951255,inf
94,106,inf,inf,inf,898.7841787659594,inf
94,107,inf,inf,inf,176.0454486773231,inf
94,108,inf,inf,inf,369.15308477649216,inf
94,109,inf,inf,inf,258.69866640553056,inf
94,110,inf,inf,inf,767.9505192393583,inf
94,111,inf,inf,inf,953.4191103601815,inf
94,112,inf,inf,inf,674.8703579206898,inf
94,113,inf,inf,inf,342.0409332229112,inf
94,114,inf,inf,inf,955.1586255695962,inf
94,115,inf,inf,inf,833.8177258849802,inf
94,116,inf,inf,inf,812.1403819537605,inf
94,117,inf,inf,inf,334.7177915797127,inf
94,118,inf,inf,inf,128.56515857727553,inf
94,119,inf,inf,inf,433.4166586553867,inf
94,120,inf,inf,inf,777.6920984554234,inf
94,121,inf,inf,inf,380.39584645471615,inf
94,122,inf,inf,inf,493.61118301756494,inf
94,123,inf,inf,inf,951.1897812739579,inf
94,124,inf,inf,inf,319.3900436770063,inf
94,125,inf,inf,inf,764.476945368531,inf
94,126,inf,inf,inf,953.8846890478953,inf
94,127,inf,inf,inf,948.5699763327954,inf
94,128,inf,inf,inf,655.6256553857544,inf
94,129,inf,inf,inf,916.8451341420753,inf
94,130,inf,inf,inf,353.83612025908263,inf
94,131,inf,inf,inf,919.867925302323,inf
94,132,inf,inf,inf,949.0337191059125,inf
94,133,inf,inf,inf,606.0115510450275,inf
94,134,inf,inf,inf,701.3194707121712,inf
94,135,inf,inf,inf,311.5670072392133,inf
94,136,inf,inf,inf,703.4500693012973,inf
94,137,inf,inf,inf,898.4124887822965,inf
94,138,inf,inf,inf,883.4625062785631,inf
94,139,inf,inf,inf,530.6533708552128,inf
94,140,inf,inf,inf,541.6133307074338,inf
94,141,inf,inf,inf,231.62469643800938,inf
94,142,inf,inf,inf,296.0270257932542,inf
94,143,inf,inf,inf,637.3421373171556,inf
94,144,inf,inf,inf,273.7608445340568,inf
94,145,inf,inf,inf,783.1640951933381,inf
94,146,inf,inf,inf,453.0618059382185,inf
94,147,inf,inf,inf,707.0113153267067,inf
94,148,inf,inf,inf,438.0981625161192,inf
94,149,inf,inf,inf,685.5144053920384,inf
94,150,inf,inf,inf,414.9072185440981,inf
94,151,inf,inf,inf,414.07366494381165,inf
94,152,inf,inf,inf,360.5731548521049,inf
94,153,inf,inf,inf,550.0518157410263,inf
94,154,inf,inf,inf,459.1481242475025,inf
94,155,inf,inf,inf,488.02561408188404,inf
94,156,inf,inf,inf,516.5123425437189,inf
94,157,inf,inf,inf,750.483177692878,inf
94,158,inf,inf,inf,492.63475313867167,inf
94,159,inf,inf,inf,87.69264507357501,inf
94,160,inf,inf,inf,430.76791895404654,inf
94,161,inf,inf,inf,143.38758663147937,inf
94,162,inf,inf,inf,134.13426109685773,inf
94,163,inf,inf,inf,102.08329931972223,inf
94,164,inf,inf,inf,496.2710952695109,inf
94,165,inf,inf,inf,428.6210447469886,inf
94,166,inf,inf,inf,78.91767862779544,inf
94,167,inf,inf,inf,759.582121959173,inf
94,168,inf,inf,inf,397.8592716024097,inf
94,169,inf,inf,inf,791.4398271504916,inf
94,170,inf,inf,inf,786.5322625296435,inf
95,96,inf,inf,inf,1160.8996511326893,inf
95,97,inf,inf,inf,1361.1553915699706,inf
95,98,inf,inf,inf,1315.0973348007362,inf
95,99,inf,inf,inf,464.9010647438872,inf
95,100,inf,inf,inf,200.0024999843752,inf
95,101,inf,inf,inf,1237.3556481464818,inf
95,102,inf,inf,inf,583.6719969297825,inf
95,103,inf,inf,inf,96.08329719571451,inf
95,104,inf,inf,inf,672.8357897734038,inf
95,105,inf,inf,inf,384.42164351139235,inf
95,106,inf,inf,inf,1335.1947423503434,inf
95,107,inf,inf,inf,544.6944097381577,inf
95,108,inf,inf,inf,685.1642138932826,inf
95,109,inf,inf,inf,693.1298579631381,inf
95,110,inf,inf,inf,1030.2038633202653,inf
95,111,inf,inf,inf,1340.5685361069757,inf
95,112,inf,inf,inf,1095.478890714011,inf
95,113,inf,inf,inf,456.9682702332844,inf
95,114,inf,inf,inf,1321.4552584177793,inf
95,115,inf,inf,inf,896.0357135739624,inf
95,116,inf,inf,inf,1248.9483576193213,inf
95,117,inf,inf,inf,726.7461730205396,inf
95,118,inf,inf,inf,559.128786595718,inf
95,119,inf,inf,inf,417.43262929483603,inf
95,120,inf,inf,inf,1045.9182568441952,inf
95,121,inf,inf,inf,731.4540313649245,inf
95,122,inf,inf,inf,742.4284477308235,inf
95,123,inf,inf,inf,1344.1138344649237,inf
95,124,inf,inf,inf,352.60459441136044,inf
95,125,inf,inf,inf,1119.457457878592,inf
95,126,inf,inf,inf,1362.7985911351684,inf
95,127,inf,inf,inf,1358.5481220773888,inf
95,128,inf,inf,inf,398.2674980462252,inf
95,129,inf,inf,inf,1287.8746056973093,inf
95,130,inf,inf,inf,638.3134026479469,inf
95,131,inf,inf,inf,1169.9252112848924,inf
95,132,inf,inf,inf,1369.416299012101,inf
95,133,inf,inf,inf,392.20657822122257,inf
95,134,inf,inf,inf,1092.4344373920112,inf
95,135,inf,inf,inf,746.9042776688322,inf
95,136,inf,inf,inf,1086.19059101062,inf
95,137,inf,inf,inf,1334.9700371169383,inf
95,138,inf,inf,inf,1318.9366929462535,inf
95,139,inf,inf,inf,676.6897368809431,inf
95,140,inf,inf,inf,558.8962336605964,inf
95,141,inf,inf,inf,620.8977371516182,inf
95,142,inf,inf,inf,231.0411218809327,inf
95,143,inf,inf,inf,875.2628176724977,inf
95,144,inf,inf,inf,412.2923719886168,inf
95,145,inf,inf,inf,1220.2008031467608,inf
95,146,inf,inf,inf,344.55333404278645,inf
95,147,inf,inf,inf,1033.992746589646,inf
95,148,inf,inf,inf,875.3342218832759,inf
95,149,inf,inf,inf,1119.254215984912,inf
95,150,inf,inf,inf,502.8956154113893,inf
95,151,inf,inf,inf,848.5664381767641,inf
95,152,inf,inf,inf,198.70832896484234,inf
95,153,inf,inf,inf,527.2428283058955,inf
95,154,inf,inf,inf,363.2698721336522,inf
95,155,inf,inf,inf,467.4537410268528,inf
95,156,inf,inf,inf,356.0407280073447,inf
95,157,inf,inf,inf,1124.969777371819,inf
95,158,inf,inf,inf,270.22398117117586,inf
95,159,inf,inf,inf,468.78779847602686,inf
95,160,inf,inf,inf,322.61587065735,inf
95,161,inf,inf,inf,566.4238695535349,inf
95,162,inf,inf,inf,533.1903975129335,inf
95,163,inf,inf,inf,395.5009481657408,inf
95,164,inf,inf,inf,867.5004322765493,inf
95,165,inf,inf,inf,860.0,inf
95,166,inf,inf,inf,501.1985634456667,inf
95,167,inf,inf,inf,1167.4146649755605,inf
95,168,inf,inf,inf,265.70660511172844,inf
95,169,inf,inf,inf,1225.6088282971855,inf
95,170,inf,inf,inf,1181.5536382238429,inf
96,97,inf,inf,inf,487.03182647543684,inf
96,98,inf,inf,inf,891.966927638015,inf
96,99,inf,inf,inf,913.7838913003446,inf
96,100,inf,inf,inf,1037.5957787115367,inf
96,101,inf,inf,inf,309.88546271162835,inf
96,102,inf,inf,inf,855.409258776172,inf
96,103,inf,inf,inf,1089.0032139530167,inf
96,104,inf,inf,inf,496.4876634922564,inf
96,105,inf,inf,inf,962.1746203262691,inf
96,106,inf,inf,inf,262.6118809193522,inf
96,107,inf,inf,inf,619.0735012904364,inf
96,108,inf,inf,inf,786.2684020104076,inf
96,109,inf,inf,inf,484.65348446080526,inf
96,110,inf,inf,inf,1014.8497425727613,inf
96,111,inf,inf,inf,774.454646832208,inf
96,112,inf,inf,inf,483.7706067962377,inf
96,113,inf,inf,inf,989.6767148922925,inf
96,114,inf,inf,inf,855.4788132969746,inf
96,115,inf,inf,inf,1334.0134931851326,inf
96,116,inf,inf,inf,315.7847368065784,inf
96,117,inf,inf,inf,635.943393707333,inf
96,118,inf,inf,inf,646.8175940711569,inf
96,119,inf,inf,inf,1113.1154477411585,inf
96,120,inf,inf,inf,1008.7521995019391,inf
96,121,inf,inf,inf,722.7869672317009,inf
96,122,inf,inf,inf,914.7196291760662,inf
96,123,inf,inf,inf,747.9318150740747,inf
96,124,inf,inf,inf,1020.7849920526849,inf
96,125,inf,inf,inf,794.1164901952358,inf
96,126,inf,inf,inf,668.9364693302347,inf
96,127,inf,inf,inf,659.7401003425516,inf
96,128,inf,inf,inf,1379.5408656505974,inf
96,129,inf,inf,inf,816.5445486928438,inf
96,130,inf,inf,inf,831.6273203785455,inf
96,131,inf,inf,inf,1128.5286881599422,inf
96,132,inf,inf,inf,592.4466220681826,inf
96,133,inf,inf,inf,1322.9429314978026,inf
96,134,inf,inf,inf,643.7584950895794,inf
96,135,inf,inf,inf,436.87297925140666,inf
96,136,inf,inf,inf,677.3787714417983,inf
96,137,inf,inf,inf,266.5276721092952,inf
96,138,inf,inf,inf,388.7029714319148,inf
96,139,inf,inf,inf,1053.9568302354703,inf
96,140,inf,inf,inf,931.5798409154204,inf
96,141,inf,inf,inf,542.3965339122292,inf
96,142,inf,inf,inf,960.485294005067,inf
96,143,inf,inf,inf,621.9011175420093,inf
96,144,inf,inf,inf,947.1837202992881,inf
96,145,inf,inf,inf,294.3229518742974,inf
96,146,inf,inf,inf,1162.9552871886349,inf
96,147,inf,inf,inf,412.146818500398,inf
96,148,inf,inf,inf,346.5862086119412,inf
96,149,inf,inf,inf,357.3261815204702,inf
96,150,inf,inf,inf,837.6156636548769,inf
96,151,inf,inf,inf,338.71079108879894,inf
96,152,inf,inf,inf,1097.6452067949826,inf
96,153,inf,inf,inf,1197.1787669349972,inf
96,154,inf,inf,inf,1163.5707971584711,inf
96,155,inf,inf,inf,1152.443057161611,inf
96,156,inf,inf,inf,1081.5992788459134,inf
96,157,inf,inf,inf,253.50542400508908,inf
96,158,inf,inf,inf,1110.4742230236593,inf
96,159,inf,inf,inf,749.6785978004174,inf
96,160,inf,inf,inf,1010.7645621013827,inf
96,161,inf,inf,inf,598.588339345163,inf
96,162,inf,inf,inf,703.5481504488516,inf
96,163,inf,inf,inf,765.4443154142566,inf
96,164,inf,inf,inf,676.0066567719581,inf
96,165,inf,inf,inf,315.68338568888925,inf
96,166,inf,inf,inf,700.7710039663456,inf
96,167,inf,inf,inf,583.4835044797753,inf
96,168,inf,inf,inf,1125.024444178881,inf
96,169,inf,inf,inf,372.7961909676653,inf
96,170,inf,inf,inf,169.77926846349644,inf
97,98,inf,inf,inf,496.83498266527084,inf
97,99,inf,inf,inf,971.1359328127036,inf
97,100,inf,inf,inf,1300.4879853347359,inf
97,101,inf,inf,inf,182.92348127017482,inf
97,102,inf,inf,inf,866.3053734105544,inf
97,103,inf,inf,inf,1271.0594006575775,inf
97,104,inf,inf,inf,814.0393110900726,inf
97,105,inf,inf,inf,1286.1866116547785,inf
97,106,inf,inf,inf,266.54267950930483,inf
97,107,inf,inf,inf,895.2876632680694,inf
97,108,inf,inf,inf,760.2328590635898,inf
97,109,inf,inf,inf,699.3718610295956,inf
97,110,inf,inf,inf,775.4740485664237,inf
97,111,inf,inf,inf,348.69470887869807,inf
97,112,inf,inf,inf,280.33194609248517,inf
97,113,inf,inf,inf,1031.6375332450832,inf
97,114,inf,inf,inf,451.73886261865937,inf
97,115,inf,inf,inf,1188.8717340403043,inf
97,116,inf,inf,inf,174.4706279005151,inf
97,117,inf,inf,inf,653.1707280642635,inf
97,118,inf,inf,inf,803.7095246418322,inf
97,119,inf,inf,inf,1156.77914918968,inf
97,120,inf,inf,inf,761.1655536084118,inf
97,121,inf,inf,inf,691.2864818582814,inf
97,122,inf,inf,inf,826.3510150051249,inf
97,123,inf,inf,inf,316.1803282938393,inf
97,124,inf,inf,inf,1104.7072010265888,inf
97,125,inf,inf,inf,498.9318590749643,inf
97,126,inf,inf,inf,214.41082062246764,inf
97,127,inf,inf,inf,205.93445559206452,inf
97,128,inf,inf,inf,1451.618751601122,inf
97,129,inf,inf,inf,424.6233625226007,inf
97,130,inf,inf,inf,818.7038536613835,inf
97,131,inf,inf,inf,834.9856286188403,inf
97,132,inf,inf,inf,120.93386622447825,inf
97,133,inf,inf,inf,1386.6830928514273,inf
97,134,inf,inf,inf,380.4536765494585,inf
97,135,inf,inf,inf,648.0015432080389,inf
97,136,inf,inf,inf,412.77839090727605,inf
97,137,inf,inf,inf,260.71632093139084,inf
97,138,inf,inf,inf,99.24716620639605,inf
97,139,inf,inf,inf,986.140456527365,inf
97,140,inf,inf,inf,1308.8441465659691,inf
97,141,inf,inf,inf,831.5443463820797,inf
97,142,inf,inf,inf,1216.0740109055862,inf
97,143,inf,inf,inf,1075.5245231978674,inf
97,144,inf,inf,inf,1021.4954723345571,inf
97,145,inf,inf,inf,201.89601283829256,inf
97,146,inf,inf,inf,1234.2840029750041,inf
97,147,inf,inf,inf,892.2919925674555,inf
97,148,inf,inf,inf,516.1569528738328,inf
97,149,inf,inf,inf,247.50353532828578,inf
97,150,inf,inf,inf,1192.0604011542368,inf
97,151,inf,inf,inf,565.5979137160957,inf
97,152,inf,inf,inf,1232.487322450012,inf
97,153,inf,inf,inf,1194.3286817287776,inf
97,154,inf,inf,inf,1227.4041714121718,inf
97,155,inf,inf,inf,1173.850501554606,inf
97,156,inf,inf,inf,1399.2401509390731,inf
97,157,inf,inf,inf,740.5248138988997,inf
97,158,inf,inf,inf,1401.2854812635433,inf
97,159,inf,inf,inf,892.8840910218975,inf
97,160,inf,inf,inf,1316.7797841704587,inf
97,161,inf,inf,inf,828.7943049997388,inf
97,162,inf,inf,inf,829.132076330424,inf
97,163,inf,inf,inf,1002.1621625266042,inf
97,164,inf,inf,inf,569.224911612273,inf
97,165,inf,inf,inf,574.0313580284617,inf
97,166,inf,inf,inf,860.720628310952,inf
97,167,inf,inf,inf,271.9503631179778,inf
97,168,inf,inf,inf,1229.6080676378144,inf
97,169,inf,inf,inf,148.00337833982033,inf
97,170,inf,inf,inf,651.5773169778089,inf
98,99,inf,inf,inf,853.9718964930872,inf
98,100,inf,inf,inf,1328.8009632747862,inf
98,101,inf,inf,inf,606.1188002363893,inf
98,102,inf,inf,inf,733.3212120210352,inf
98,103,inf,inf,inf,1219.0590633763402,inf
98,104,inf,inf,inf,993.9240413633227,inf
98,105,inf,inf,inf,1382.8640569484767,inf
98,106,inf,inf,inf,744.1034874263122,inf
98,107,inf,inf,inf,1014.830527723718,inf
98,108,inf,inf,inf,630.0007936502938,inf
98,109,inf,inf,inf,830.9271929597683,inf
98,110,inf,inf,inf,390.03204996512784,inf
98,111,inf,inf,inf,152.73833834371774,inf
98,112,inf,inf,inf,419.2195129046357,inf
98,113,inf,inf,inf,882.9229864489881,inf
98,114,inf,inf,inf,46.2709412050371,inf
98,115,inf,inf,inf,822.9270927609566,inf
98,116,inf,inf,inf,605.9249128398667,inf
98,117,inf,inf,inf,624.782362106998,inf
98,118,inf,inf,inf,840.402284623263,inf
98,119,inf,inf,inf,983.0447599168616,inf
98,120,inf,inf,inf,370.2998784768907,inf
98,121,inf,inf,inf,589.5710304959022,inf
98,122,inf,inf,inf,599.5740154476343,inf
98,123,inf,inf,inf,185.52897347853784,inf
98,124,inf,inf,inf,982.5197199038806,inf
98,125,inf,inf,inf,196.65197685250968,inf
98,126,inf,inf,inf,290.2912330746487,inf
98,127,inf,inf,inf,297.0824801296771,inf
98,128,inf,inf,inf,1263.0162310912715,inf
98,129,inf,inf,inf,76.15773105863909,inf
98,130,inf,inf,inf,677.9564882792995,inf
98,131,inf,inf,inf,379.7946813740287,inf
98,132,inf,inf,inf,383.03263568526376,inf
98,133,inf,inf,inf,1197.6180526361484,inf
98,134,inf,inf,inf,286.5135249861689,inf
98,135,inf,inf,inf,800.5229540743975,inf
98,136,inf,inf,inf,268.8289418942834,inf
98,137,inf,inf,inf,738.4849355267852,inf
98,138,inf,inf,inf,573.467523056014,inf
98,139,inf,inf,inf,733.7533645578737,inf
98,140,inf,inf,inf,1464.5825343762638,inf
98,141,inf,inf,inf,980.7981443701859,inf
98,142,inf,inf,inf,1249.1152869131015,inf
98,143,inf,inf,inf,1356.4851639439335,inf
98,144,inf,inf,inf,908.5482926074981,inf
98,145,inf,inf,inf,614.6454262418292,inf
98,146,inf,inf,inf,1075.0004651161785,inf
98,147,inf,inf,inf,1238.163963294038,inf
98,148,inf,inf,inf,715.069926650534,inf
98,149,inf,inf,inf,536.1203223158026,inf
98,150,inf,inf,inf,1335.046441139783,inf
98,151,inf,inf,inf,775.2083590880584,inf
98,152,inf,inf,inf,1138.2266909539594,inf
98,153,inf,inf,inf,966.6612643527204,inf
98,154,inf,inf,inf,1061.6562532194685,inf
98,155,inf,inf,inf,974.3100122650901,inf
98,156,inf,inf,inf,1475.4558617593411,inf
98,157,inf,inf,inf,1125.4270300645885,inf
98,158,inf,inf,inf,1447.232531419882,inf
98,159,inf,inf,inf,885.6212508742097,inf
98,160,inf,inf,inf,1389.6589509660275,inf
98,161,inf,inf,inf,925.0994541129078,inf
98,162,inf,inf,inf,826.2475415999735,inf
98,163,inf,inf,inf,1056.9730365529672,inf
98,164,inf,inf,inf,462.834743726095,inf
98,165,inf,inf,inf,801.9532405321397,inf
98,166,inf,inf,inf,880.1960008997996,inf
98,167,inf,inf,inf,309.9193443462347,inf
98,168,inf,inf,inf,1104.9402698788745,inf
98,169,inf,inf,inf,534.2527491740216,inf
98,170,inf,inf,inf,1060.1103716123148,inf
99,100,inf,inf,inf,523.316347919688,inf
99,101,inf,inf,inf,885.315762877856,inf
99,102,inf,inf,inf,120.81390648431164,inf
99,103,inf,inf,inf,369.8715993422582,inf
99,104,inf,inf,inf,544.2067621777591,inf
99,105,inf,inf,inf,642.5239295154695,inf
99,106,inf,inf,inf,1013.4268597190426,inf
99,107,inf,inf,inf,446.95078028794177,inf
99,108,inf,inf,inf,229.20078533896867,inf
99,109,inf,inf,inf,445.7847013974347,inf
99,110,inf,inf,inf,572.0568153601529,inf
99,111,inf,inf,inf,892.0700645128722,inf
99,112,inf,inf,inf,691.7579056288406,inf
99,113,inf,inf,inf,76.92203845452875,inf
99,114,inf,inf,inf,863.2873218112264,inf
99,115,inf,inf,inf,560.3614904684297,inf
99,116,inf,inf,inf,895.9670752879259,inf
99,117,inf,inf,inf,320.09529830973776,inf
99,118,inf,inf,inf,285.1105048924013,inf
99,119,inf,inf,inf,200.14244927051334,inf
99,120,inf,inf,inf,586.482736318811,inf
99,121,inf,inf,inf,288.08679247754486,inf
99,122,inf,inf,inf,281.2205540141047,inf
99,123,inf,inf,inf,899.4470523605045,inf
99,124,inf,inf,inf,135.6502856613284,inf
99,125,inf,inf,inf,660.1605865242184,inf
99,126,inf,inf,inf,932.3781421719409,inf
99,127,inf,inf,inf,929.4654377651705,inf
99,128,inf,inf,inf,485.1082353454742,inf
99,129,inf,inf,inf,831.9062447175162,inf
99,130,inf,inf,inf,176.3774361986249,inf
99,131,inf,inf,inf,717.5513918877169,inf
99,132,inf,inf,inf,954.9293167559576,inf
99,133,inf,inf,inf,422.4038352098617,inf
99,134,inf,inf,inf,652.8292272868916,inf
99,135,inf,inf,inf,483.54213880488226,inf
99,136,inf,inf,inf,640.6910331821415,inf
99,137,inf,inf,inf,1011.5512839199009,inf
99,138,inf,inf,inf,951.2439224510189,inf
99,139,inf,inf,inf,264.41255643406953,inf
99,140,inf,inf,inf,786.0547054753887,inf
99,141,inf,inf,inf,487.92314968650544,inf
99,142,inf,inf,inf,460.135849505339,inf
99,143,inf,inf,inf,911.9385944239887,inf
99,144,inf,inf,inf,54.91812087098393,inf
99,145,inf,inf,inf,871.9111193235237,inf
99,146,inf,inf,inf,264.83579818446,inf
99,147,inf,inf,inf,963.0254409931235,inf
99,148,inf,inf,inf,571.6826042481964,inf
99,149,inf,inf,inf,751.1065170799678,inf
99,150,inf,inf,inf,667.8689991308175,inf
99,151,inf,inf,inf,575.7013114454404,inf
99,152,inf,inf,inf,284.82275190019493,inf
99,153,inf,inf,inf,291.49614062625255,inf
99,154,inf,inf,inf,260.2498799231231,inf
99,155,inf,inf,inf,239.74152748324602,inf
99,156,inf,inf,inf,698.2449426956131,inf
99,157,inf,inf,inf,980.2336456172069,inf
99,158,inf,inf,inf,644.43618768657,inf
99,159,inf,inf,inf,202.20039564748632,inf
99,160,inf,inf,inf,620.5320297937891,inf
99,161,inf,inf,inf,386.21884987659524,inf
99,162,inf,inf,inf,219.85677155821242,inf
99,163,inf,inf,inf,357.2394155185007,inf
99,164,inf,inf,inf,424.62689505023116,inf
99,165,inf,inf,inf,601.6552168808977,inf
99,166,inf,inf,inf,250.09798079952586,inf
99,167,inf,inf,inf,741.3838412050804,inf
99,168,inf,inf,inf,262.4823803610444,inf
99,169,inf,inf,inf,854.1721138037697,inf
99,170,inf,inf,inf,997.1930605454493,inf
100,101,inf,inf,inf,1158.1174379137894,inf
100,102,inf,inf,inf,626.9290230959164,inf
100,103,inf,inf,inf,218.68927728629038,inf
100,104,inf,inf,inf,541.114590451967,inf
100,105,inf,inf,inf,184.78365728602733,inf
100,106,inf,inf,inf,1237.6501929058954,inf
100,107,inf,inf,inf,423.1323669964282,inf
100,108,inf,inf,inf,710.5075650547291,inf
100,109,inf,inf,inf,604.6288117514745,inf
100,110,inf,inf,inf,1091.848432704833,inf
100,111,inf,inf,inf,1331.3846176067982,inf
100,112,inf,inf,inf,1052.692262724487,inf
100,113,inf,inf,inf,544.1553087125035,inf
100,114,inf,inf,inf,1328.1886161234781,inf
100,115,inf,inf,inf,1030.487748592869,inf
100,116,inf,inf,inf,1169.8209264669529,inf
100,117,inf,inf,inf,709.9133749972598,inf
100,118,inf,inf,inf,507.57856534727705,inf
100,119,inf,inf,inf,547.8768109712255,inf
100,120,inf,inf,inf,1105.0764679423773,inf
100,121,inf,inf,inf,740.3256040418972,inf
100,122,inf,inf,inf,801.4143747151033,inf
100,123,inf,inf,inf,1330.0003759397964,inf
100,124,inf,inf,inf,451.45210155674323,inf
100,125,inf,inf,inf,1132.5299113047743,inf
100,126,inf,inf,inf,1333.220536895528,inf
100,127,inf,inf,inf,1327.817005464232,inf
100,128,inf,inf,inf,592.663479556485,inf
100,129,inf,inf,inf,1291.0429892145341,inf
100,130,inf,inf,inf,675.8113642134172,inf
100,131,inf,inf,inf,1239.5886414452175,inf
100,132,inf,inf,inf,1326.0173452862523,inf
100,133,inf,inf,inf,578.4263133710291,inf
100,134,inf,inf,inf,1079.2451065443845,inf
100,135,inf,inf,inf,658.1101731473234,inf
100,136,inf,inf,inf,1079.6133567161903,inf
100,137,inf,inf,inf,1238.2180744925347,inf
100,138,inf,inf,inf,1245.7804782544956,inf
100,139,inf,inf,inf,773.2851996514611,inf
100,140,inf,inf,inf,359.8249574445886,inf
100,141,inf,inf,inf,498.37837031717174,inf
100,142,inf,inf,inf,84.52810183601665,inf
100,143,inf,inf,inf,685.3933177380708,inf
100,144,inf,inf,inf,481.25253246086925,inf
100,145,inf,inf,inf,1139.5775533064873,inf
100,146,inf,inf,inf,496.8400144915866,inf
100,147,inf,inf,inf,861.2096144377396,inf
100,148,inf,inf,inf,791.5232150733167,inf
100,149,inf,inf,inf,1053.3608118778675,inf
100,150,inf,inf,inf,306.3413129174712,inf
100,151,inf,inf,inf,753.5648611765281,inf
100,152,inf,inf,inf,335.6307494852044,inf
100,153,inf,inf,inf,671.1259196305862,inf
100,154,inf,inf,inf,513.9357936551997,inf
100,155,inf,inf,inf,605.375916270213,inf
100,156,inf,inf,inf,182.5212316416915,inf
100,157,inf,inf,inf,968.7362902255701,inf
100,158,inf,inf,inf,121.63058825805291,inf
100,159,inf,inf,inf,443.8975106936285,inf
100,160,inf,inf,inf,126.49110640673517,inf
100,161,inf,inf,inf,473.43109319097323,inf
100,162,inf,inf,inf,505.6688639811631,inf
100,163,inf,inf,inf,298.328677803526,inf
100,164,inf,inf,inf,867.1101429460965,inf
100,165,inf,inf,inf,758.0085751493845,inf
100,166,inf,inf,inf,457.0700165182573,inf
100,167,inf,inf,inf,1139.091743451773,inf
100,168,inf,inf,inf,411.6369759873377,inf
100,169,inf,inf,inf,1157.560365596542,inf
100,170,inf,inf,inf,1035.5529923668803,inf
101,102,inf,inf,inf,793.5767133680272,inf
101,103,inf,inf,inf,1151.427375043689,inf
101,104,inf,inf,inf,649.6991611507591,inf
101,105,inf,inf,inf,1128.1564607801527,inf
101,106,inf,inf,inf,154.719100307622,inf
101,107,inf,inf,inf,742.1704655939901,inf
101,108,inf,inf,inf,696.9139114697023,inf
101,109,inf,inf,inf,553.6244214266563,inf
101,110,inf,inf,inf,806.7050266361305,inf
101,111,inf,inf,inf,475.3030612146318,inf
101,112,inf,inf,inf,250.04999500099976,inf
101,113,inf,inf,inf,953.0041972625304,inf
101,114,inf,inf,inf,565.5554791530182,inf
101,115,inf,inf,inf,1186.81801469307,inf
101,116,inf,inf,inf,11.704699910719626,inf
101,117,inf,inf,inf,566.816548805696,inf
101,118,inf,inf,inf,679.2230855911774,inf
101,119,inf,inf,inf,1080.5577263617156,inf
101,120,inf,inf,inf,795.9962311468566,inf
101,121,inf,inf,inf,626.3433563150487,inf
101,122,inf,inf,inf,791.1618039314083,inf
101,123,inf,inf,inf,446.4717236287199,inf
101,124,inf,inf,inf,1013.3336074561033,inf
101,125,inf,inf,inf,548.6164416056084,inf
101,126,inf,inf,inf,360.9722981061012,inf
101,127,inf,inf,inf,351.7527540759276,inf
101,128,inf,inf,inf,1370.4196437588014,inf
101,129,inf,inf,inf,530.0,inf
101,130,inf,inf,inf,753.0106240950389,inf
101,131,inf,inf,inf,894.6462988242896,inf
101,132,inf,inf,inf,282.57742301889584,inf
101,133,inf,inf,inf,1307.4727530621815,inf
101,134,inf,inf,inf,403.2790597092787,inf
101,135,inf,inf,inf,500.00899991900144,inf
101,136,inf,inf,inf,439.2914749912636,inf
101,137,inf,inf,inf,150.2664300500947,inf
101,138,inf,inf,inf,94.13288479590966,inf
101,139,inf,inf,inf,947.7858407889411,inf
101,140,inf,inf,inf,1139.2321975787027,inf
101,141,inf,inf,inf,673.6653471865686,inf
101,142,inf,inf,inf,1074.5310605096531,inf
101,143,inf,inf,inf,893.2860684013829,inf
101,144,inf,inf,inf,931.2786908332006,inf
101,145,1.0,20.4142,20.414213562373096,20.024984394500787,1.0194371770885973
101,146,inf,inf,inf,1149.9260845810916,inf
101,147,inf,inf,inf,710.2182763066577,inf
101,148,inf,inf,inf,366.69469589837263,inf
101,149,inf,inf,inf,138.43771162512041,inf
101,150,inf,inf,inf,1026.281150562554,inf
101,151,inf,inf,inf,407.47024431239146,inf
101,152,inf,inf,inf,1126.9374428068313,inf
101,153,inf,inf,inf,1135.8001584785943,inf
101,154,inf,inf,inf,1145.5138584932092,inf
101,155,inf,inf,inf,1105.985533359275,inf
101,156,inf,inf,inf,1243.7724872338993,inf
101,157,inf,inf,inf,562.21881861069,inf
101,158,inf,inf,inf,1252.6268398848877,inf
101,159,inf,inf,inf,776.108884113563,inf
101,160,inf,inf,inf,1163.424256236735,inf
101,161,inf,inf,inf,684.9416033502418,inf
101,162,inf,inf,inf,715.3719312357733,inf
101,163,inf,inf,inf,861.6936810723403,inf
101,164,inf,inf,inf,527.7309920783505,inf
101,165,inf,inf,inf,410.0256089563187,inf
101,166,inf,inf,inf,737.6672691667972,inf
101,167,inf,inf,inf,313.9585959963511,inf
101,168,inf,inf,inf,1133.8946159145478,inf
101,169,inf,inf,inf,72.12489168102785,inf
101,170,inf,inf,inf,478.0564820186,inf
102,103,inf,inf,inf,488.0502023357843,inf
102,104,inf,inf,inf,546.9232121605372,inf
102,105,inf,inf,inf,728.659728542754,inf
102,106,inf,inf,inf,929.0909535669799,inf
102,107,inf,inf,inf,472.7123861292403,inf
102,108,inf,inf,inf,110.69326989478628,inf
102,109,inf,inf,inf,418.1196001146084,inf
102,110,inf,inf,inf,465.3654477934519,inf
102,111,inf,inf,inf,772.2855689445453,inf
102,112,inf,inf,inf,585.9769620044801,inf
102,113,inf,inf,inf,166.20770138594662,inf
102,114,inf,inf,inf,742.4749154011871,inf
102,115,inf,inf,inf,531.8806257046782,inf
102,116,inf,inf,inf,803.7319204809525,inf
102,117,inf,inf,inf,229.1047795223836,inf
102,118,inf,inf,inf,279.1200458584084,inf
102,119,inf,inf,inf,290.51850199255813,inf
102,120,inf,inf,inf,478.23216119370306,inf
102,121,inf,inf,inf,175.5733464965568,inf
102,122,inf,inf,inf,177.2484132510077,inf
102,123,inf,inf,inf,780.3569695978886,inf
102,124,inf,inf,inf,253.56853117056934,inf
102,125,inf,inf,inf,539.3477542365408,inf
102,126,inf,inf,inf,816.4441193370187,inf
102,127,inf,inf,inf,813.8808266570727,inf
102,128,inf,inf,inf,585.4041339109248,inf
102,129,inf,inf,inf,711.1961754677819,inf
102,130,inf,inf,inf,55.57877292636101,inf
102,131,inf,inf,inf,614.5990562960538,inf
102,132,inf,inf,inf,843.1239529274447,inf
102,133,inf,inf,inf,520.3777474104749,inf
102,134,inf,inf,inf,535.770473243907,inf
102,135,inf,inf,inf,444.6268098079557,inf
102,136,inf,inf,inf,522.1082263286032,inf
102,137,inf,inf,inf,926.7318921888898,inf
102,138,inf,inf,inf,853.4781778112432,inf
102,139,inf,inf,inf,223.98660674245681,inf
102,140,inf,inf,inf,858.9912688729729,inf
102,141,inf,inf,inf,496.214671286531,inf
102,142,inf,inf,inf,557.2584678584974,inf
102,143,inf,inf,inf,935.5404854948822,inf
102,144,inf,inf,inf,175.64737401965337,inf
102,145,inf,inf,inf,781.652736194277,inf
102,146,inf,inf,inf,370.0945825056076,inf
102,147,inf,inf,inf,955.703929049159,inf
102,148,inf,inf,inf,508.83887430108956,inf
102,149,inf,inf,inf,656.640693225755,inf
102,150,inf,inf,inf,734.7414511241352,inf
102,151,inf,inf,inf,524.5378918629235,inf
102,152,inf,inf,inf,405.6106507477337,inf
102,153,inf,inf,inf,346.18203304042225,inf
102,154,inf,inf,inf,361.9419843013518,inf
102,155,inf,inf,inf,312.40998703626616,inf
102,156,inf,inf,inf,795.6142281281802,inf
102,157,inf,inf,inf,951.0888496875568,inf
102,158,inf,inf,inf,748.5572790374829,inf
102,159,inf,inf,inf,234.8041737278109,inf
102,160,inf,inf,inf,714.4788310370014,inf
102,161,inf,inf,inf,395.0607548213313,inf
102,162,inf,inf,inf,216.8985938174796,inf
102,163,inf,inf,inf,418.6167698504206,inf
102,164,inf,inf,inf,308.60978597575286,inf
102,165,inf,inf,inf,554.0406122298256,inf
102,166,inf,inf,inf,268.00186566514793,inf
102,167,inf,inf,inf,627.7085310874785,inf
102,168,inf,inf,inf,379.7959978725421,inf
102,169,inf,inf,inf,756.6254026927724,inf
102,170,inf,inf,inf,955.703929049159,inf
103,104,inf,inf,inf,609.8426026443217,inf
103,105,inf,inf,inf,396.7316473386009,inf
103,106,inf,inf,inf,1253.7308323559726,inf
103,107,inf,inf,inf,480.57049430858734,inf
103,108,inf,inf,inf,589.1027075137238,inf
103,109,inf,inf,inf,613.616329639295,inf
103,110,inf,inf,inf,937.6438556296308,inf
103,111,inf,inf,inf,1244.8501917901608,inf
103,112,inf,inf,inf,1003.1799439781479,inf
103,113,inf,inf,inf,366.21851400495854,inf
103,114,inf,inf,inf,1225.3734124747443,inf
103,115,inf,inf,inf,824.4755909061225,inf
103,116,inf,inf,inf,1162.9548572494118,inf
103,117,inf,inf,inf,632.5693637855061,inf
103,118,inf,inf,inf,472.204404892627,inf
103,119,inf,inf,inf,340.96627399201816,inf
103,120,inf,inf,inf,953.0335775826579,inf
103,121,inf,inf,inf,635.5415013986104,inf
103,122,inf,inf,inf,648.7526493202166,inf
103,123,inf,inf,inf,1248.6384584818777,inf
103,124,inf,inf,inf,263.1539473388153,inf
103,125,inf,inf,inf,1023.383114967215,inf
103,126,inf,inf,inf,1268.4746745599614,inf
103,127,inf,inf,inf,1264.3405395699372,inf
103,128,inf,inf,inf,385.5191305240247,inf
103,129,inf,inf,inf,1191.824232007388,inf
103,130,inf,inf,inf,542.5311050990533,inf
103,131,inf,inf,inf,1078.9277084216533,inf
103,132,inf,inf,inf,1276.6444297454166,inf
103,133,inf,inf,inf,363.68392870733237,inf
103,134,inf,inf,inf,997.1223595928435,inf
103,135,inf,inf,inf,666.7428289828096,inf
103,136,inf,inf,inf,990.5200654201811,inf
103,137,inf,inf,inf,1253.277702666093,inf
103,138,inf,inf,inf,1231.3902711975597,inf
103,139,inf,inf,inf,590.0483031074659,inf
103,140,inf,inf,inf,570.9404522364832,inf
103,141,inf,inf,inf,555.0225220655465,inf
103,142,inf,inf,inf,212.46176126540982,inf
103,143,inf,inf,inf,850.1135218310552,inf
103,144,inf,inf,inf,317.9701243827791,inf
103,145,inf,inf,inf,1134.662064228817,inf
103,146,inf,inf,inf,280.4086303950005,inf
103,147,inf,inf,inf,990.3358016349807,inf
103,148,inf,inf,inf,792.4708196520551,inf
103,149,inf,inf,inf,1030.8297628609682,inf
103,150,inf,inf,inf,494.68373735145167,inf
103,151,inf,inf,inf,769.1560309846111,inf
103,152,inf,inf,inf,120.91732712891069,inf
103,153,inf,inf,inf,459.0697114818184,inf
103,154,inf,inf,inf,298.1358750637031,inf
103,155,inf,inf,inf,395.41497189661396,inf
103,156,inf,inf,inf,396.8941924493227,inf
103,157,inf,inf,inf,1069.2936921164362,inf
103,158,inf,inf,inf,319.65762934740036,inf
103,159,inf,inf,inf,378.21951298154886,inf
103,160,inf,inf,inf,344.41980198589044,inf
103,161,inf,inf,inf,490.83194680053174,inf
103,162,inf,inf,inf,442.0,inf
103,163,inf,inf,inf,328.64114167279786,inf
103,164,inf,inf,inf,771.7700434714993,inf
103,165,inf,inf,inf,782.6927877526406,inf
103,166,inf,inf,inf,413.7825515896,inf
103,167,inf,inf,inf,1073.2311027919384,inf
103,168,inf,inf,inf,195.8979326077741,inf
103,169,inf,inf,inf,1137.265580240605,inf
103,170,inf,inf,inf,1119.820074833453,inf
104,105,inf,inf,inf,480.70781146139075,inf
104,106,inf,inf,inf,706.8132709563397,inf
104,107,inf,inf,inf,129.2749008895385,inf
104,108,inf,inf,inf,541.6068684941135,inf
104,109,inf,inf,inf,167.83622970026465,inf
104,110,inf,inf,inf,914.0787712226994,inf
104,111,inf,inf,inf,943.122473488995,inf
104,112,inf,inf,inf,617.991909332153,inf
104,113,inf,inf,inf,618.0291255272683,inf
104,114,inf,inf,inf,976.7210451300822,inf
104,115,inf,inf,inf,1078.80118650287,inf
104,116,inf,inf,inf,661.1051353604811,inf
104,117,inf,inf,inf,426.4317061382749,inf
104,118,inf,inf,inf,268.1287004406652,inf
104,119,inf,inf,inf,720.5178693134543,inf
104,120,inf,inf,inf,918.1508590640211,inf
104,121,inf,inf,inf,513.9659521797139,inf
104,122,inf,inf,inf,687.4096304242471,inf
104,123,inf,inf,inf,931.0005370567732,inf
104,124,inf,inf,inf,608.8365954835501,inf
104,125,inf,inf,inf,819.231957384476,inf
104,126,inf,inf,inf,901.5630870881971,inf
104,127,inf,inf,inf,894.2018787723497,inf
104,128,inf,inf,inf,943.3520021709818,inf
104,129,inf,inf,inf,934.6790893135461,inf
104,130,inf,inf,inf,555.5033753272792,inf
104,131,inf,inf,inf,1061.5540494953614,inf
104,132,inf,inf,inf,868.1319024203638,inf
104,133,inf,inf,inf,895.62157187062,inf
104,134,inf,inf,inf,708.8899773589693,inf
104,135,inf,inf,inf,193.64400326372103,inf
104,136,inf,inf,inf,725.2323765525089,inf
104,137,inf,inf,inf,708.037428389206,inf
104,138,inf,inf,inf,742.5967950375224,inf
104,139,inf,inf,inf,770.7950440940834,inf
104,140,inf,inf,inf,497.0523111303276,inf
104,141,inf,inf,inf,58.9406481131655,inf
104,142,inf,inf,inf,464.49111939842294,inf
104,143,inf,inf,inf,399.10023803550905,inf
104,144,inf,inf,inf,555.3710471387575,inf
104,145,inf,inf,inf,629.9730152950998,inf
104,146,inf,inf,inf,743.6161644289344,inf
104,147,inf,inf,inf,419.57716811094474,inf
104,148,inf,inf,inf,304.9622927510875,inf
104,149,inf,inf,inf,572.330324200981,inf
104,150,inf,inf,inf,378.02116342871597,inf
104,151,inf,inf,inf,249.64975465639858,inf
104,152,inf,inf,inf,642.1409502593648,inf
104,153,inf,inf,inf,831.7794178747151,inf
104,154,inf,inf,inf,749.6112325732586,inf
104,155,inf,inf,inf,772.7386362800814,inf
104,156,inf,inf,inf,598.3619306072204,inf
104,157,inf,inf,inf,463.42744847494737,inf
104,158,inf,inf,inf,617.9749185848889,inf
104,159,inf,inf,inf,343.0714211355997,inf
104,160,inf,inf,inf,521.7710225759955,inf
104,161,inf,inf,inf,158.01265772082945,inf
104,162,inf,inf,inf,332.74614948936676,inf
104,163,inf,inf,inf,281.2561110447202,inf
104,164,inf,inf,inf,572.1756723245056,inf
104,165,inf,inf,inf,240.40798655618744,inf
104,166,inf,inf,inf,294.10882339705483,inf
104,167,inf,inf,inf,726.3835075220252,inf
104,168,inf,inf,inf,686.2798263099389,inf
104,169,inf,inf,inf,666.060808034822,inf
104,170,inf,inf,inf,510.02450921499843,inf
105,106,inf,inf,inf,1186.4893594128857,inf
105,107,inf,inf,inf,392.1836304589981,inf
105,108,inf,inf,inf,793.9584371993285,inf
105,109,inf,inf,inf,591.0304560680439,inf
105,110,inf,inf,inf,1189.8789854434779,inf
105,111,inf,inf,inf,1365.1959566304026,inf
105,112,inf,inf,inf,1062.1308770580017,inf
105,113,inf,inf,inf,679.4115100585211,inf
105,114,inf,inf,inf,1376.2005667779679,inf
105,115,inf,inf,inf,1180.713343703712,inf
105,116,inf,inf,inf,1139.685921646837,inf
105,117,inf,inf,inf,758.6013445809334,inf
105,118,inf,inf,inf,542.4619802345599,inf
105,119,inf,inf,inf,706.072234265022,inf
105,120,inf,inf,inf,1200.9050753494216,inf
105,121,inf,inf,inf,809.0024721841089,inf
105,122,inf,inf,inf,905.849877187164,inf
105,123,inf,inf,inf,1359.3741206893708,inf
105,124,inf,inf,inf,599.0075124737585,inf
105,125,inf,inf,inf,1190.2407319529946,inf
105,126,inf,inf,inf,1348.2581355215327,inf
105,127,inf,inf,inf,1341.8796518317133,inf
105,128,inf,inf,inf,776.6472815892681,inf
105,129,inf,inf,inf,1336.6424353580878,inf
105,130,inf,inf,inf,770.4232602926784,inf
105,131,inf,inf,inf,1340.980611343803,inf
105,132,inf,inf,inf,1328.0847111536223,inf
105,133,inf,inf,inf,759.9171007419164,inf
105,134,inf,inf,inf,1115.3766180084644,inf
105,135,inf,inf,inf,639.7515142615921,inf
105,136,inf,inf,inf,1121.6389793511992,inf
105,137,inf,inf,inf,1187.8994065155516,inf
105,138,inf,inf,inf,1220.0434418495106,inf
105,139,inf,inf,inf,904.4694577485743,inf
105,140,inf,inf,inf,175.2512482123879,inf
105,141,inf,inf,inf,455.10658092363377,inf
105,142,inf,inf,inf,195.50959055759898,inf
105,143,inf,inf,inf,525.1790170979797,inf
105,144,inf,inf,inf,610.2663352995969,inf
105,145,inf,inf,inf,1108.6433150477208,inf
105,146,inf,inf,inf,666.5320697460851,inf
105,147,inf,inf,inf,725.6121553557382,inf
105,148,inf,inf,inf,770.0973964376194,inf
105,149,inf,inf,inf,1040.0048076811952,inf
105,150,inf,inf,inf,144.01388821915754,inf
105,151,inf,inf,inf,721.959140118054,inf
105,152,inf,inf,inf,506.71194973081106,inf
105,153,inf,inf,inf,832.6277679731802,inf
105,154,inf,inf,inf,682.4727100771137,inf
105,155,inf,inf,inf,765.4443154142566,inf
105,156,inf,inf,inf,119.4361754243663,inf
105,157,inf,inf,inf,853.9701399931968,inf
105,158,inf,inf,inf,168.92897915988246,inf
105,159,inf,inf,inf,511.1809855618654,inf
105,160,inf,inf,inf,68.00735254367721,inf
105,161,inf,inf,inf,469.70629120760134,inf
105,162,inf,inf,inf,562.6579778160086,inf
105,163,inf,inf,inf,327.48282397707516,inf
105,164,inf,inf,inf,921.9137703711774,inf
105,165,inf,inf,inf,718.2339451738549,inf
105,166,inf,inf,inf,505.6204109804113,inf
105,167,inf,inf,inf,1159.7159134891613,inf
105,168,inf,inf,inf,581.8075283115543,inf
105,169,inf,inf,inf,1139.1018391697908,inf
105,170,inf,inf,inf,932.5583091689227,inf
106,107,inf,inf,inf,814.943556327676,inf
106,108,inf,inf,inf,837.4276088116512,inf
106,109,inf,inf,inf,642.2600719334808,inf
106,110,inf,inf,inf,961.3142046178242,inf
106,111,inf,inf,inf,604.1696781534141,inf
106,112,inf,inf,inf,404.6393455906136,inf
106,113,inf,inf,inf,1084.0096863035865,inf
106,114,inf,inf,inf,701.3251742237691,inf
106,115,inf,inf,inf,1339.3823203253057,inf
106,116,inf,inf,inf,149.4824404403407,inf
106,117,inf,inf,inf,700.1606958406048,inf
106,118,inf,inf,inf,785.0923512555704,inf
106,119,inf,inf,inf,1211.5960547971424,inf
106,120,inf,inf,inf,950.4630450469919,inf
106,121,inf,inf,inf,767.3252243996675,inf
106,122,inf,inf,inf,939.0979714598473,inf
106,123,inf,inf,inf,573.0558437011179,inf
106,124,inf,inf,inf,1136.938432809798,inf
106,125,inf,inf,inf,701.0064193714634,inf
106,126,inf,inf,inf,476.7315806614871,inf
106,127,inf,inf,inf,467.7991021795574,inf
106,128,inf,inf,inf,1496.995657976335,inf
106,129,inf,inf,inf,668.7077089431525,inf
106,130,inf,inf,inf,891.904142831504,inf
106,131,inf,inf,inf,1047.0577825507053,inf
106,132,inf,inf,inf,386.25380257027894,inf
106,133,inf,inf,inf,1435.4570700651414,inf
106,134,inf,inf,inf,557.2970482606202,inf
106,135,inf,inf,inf,588.3442869612995,inf
106,136,inf,inf,inf,593.2832375855565,inf
106,137,inf,inf,inf,5.830951894845301,inf
106,138,inf,inf,inf,173.21951391226105,inf
106,139,inf,inf,inf,1093.890305286595,inf
106,140,inf,inf,inf,1175.253164216119,inf
106,141,inf,inf,inf,741.2374788149881,inf
106,142,inf,inf,inf,1156.0471443673912,inf
106,143,inf,inf,inf,883.747701552881,inf
106,144,inf,inf,inf,1056.4440354320716,inf
106,145,inf,inf,inf,157.96518603793686,inf
106,146,inf,inf,inf,1276.2460577803952,inf
106,147,inf,inf,inf,672.8001189060537,inf
106,148,inf,inf,inf,461.6156409828419,inf
106,149,inf,inf,inf,286.89545134072796,inf
106,150,inf,inf,inf,1072.0732251110462,inf
106,151,inf,inf,inf,487.4033237473869,inf
106,152,inf,inf,inf,1240.3426945808162,inf
106,153,inf,inf,inf,1274.1506975236484,inf
106,154,inf,inf,inf,1273.184982632139,inf
106,155,inf,inf,inf,1240.6812644672282,inf
106,156,inf,inf,inf,1304.8233596927976,inf
106,157,inf,inf,inf,506.20549187064336,inf
106,158,inf,inf,inf,1323.2701916086526,inf
106,159,inf,inf,inf,886.0592530976695,inf
106,160,inf,inf,inf,1228.5023402501113,inf
106,161,inf,inf,inf,771.2826978482015,inf
106,162,inf,inf,inf,828.8697123191316,inf
106,163,inf,inf,inf,947.7858407889411,inf
106,164,inf,inf,inf,676.8707409838307,inf
106,165,inf,inf,inf,479.86769009801026,inf
106,166,inf,inf,inf,843.3415678122359,inf
106,167,inf,inf,inf,464.4308344630016,inf
106,168,inf,inf,inf,1253.745189422476,inf
106,169,inf,inf,inf,222.00900882621858,inf
106,170,inf,inf,inf,407.86762558457616,inf
107,108,inf,inf,inf,491.81500587111003,inf
107,109,inf,inf,inf,199.090431713832,inf
107,110,inf,inf,inf,883.9389119164288,inf
107,111,inf,inf,inf,982.8122913354309,inf
107,112,inf,inf,inf,671.7752600386531,inf
107,113,inf,inf,inf,516.4958857532168,inf
107,114,inf,inf,inf,1003.2307810269779,inf
107,115,inf,inf,inf,998.9214183307914,inf
107,116,inf,inf,inf,753.8196070678979,inf
107,117,inf,inf,inf,406.6693988979254,inf
107,118,inf,inf,inf,203.70812453115363,inf
107,119,inf,inf,inf,609.1847010554352,inf
107,120,inf,inf,inf,890.7193721930606,inf
107,121,inf,inf,inf,480.5632112428083,inf
107,122,inf,inf,inf,631.3192536268793,inf
107,123,inf,inf,inf,974.7050836022145,inf
107,124,inf,inf,inf,494.2408319837607,inf
107,125,inf,inf,inf,829.1688609686208,inf
107,126,inf,inf,inf,958.2358791028439,inf
107,127,inf,inf,inf,951.6265023631908,inf
107,128,inf,inf,inf,818.7142358601077,inf
107,129,inf,inf,inf,962.2998493193273,inf
107,130,inf,inf,inf,492.6986908852103,inf
107,131,inf,inf,inf,1034.9439598355073,inf
107,132,inf,inf,inf,936.0048076799605,inf
107,133,inf,inf,inf,773.0523914974974,inf
107,134,inf,inf,inf,737.2767458695547,inf
107,135,inf,inf,inf,247.72969139770066,inf
107,136,inf,inf,inf,747.8194969375966,inf
107,137,inf,inf,inf,815.6279789217631,inf
107,138,inf,inf,inf,832.4722217587804,inf
107,139,inf,inf,inf,692.0874222235223,inf
107,140,inf,inf,inf,449.80106713968564,inf
107,141,inf,inf,inf,76.69419795525604,inf
107,142,inf,inf,inf,343.02186519229355,inf
107,143,inf,inf,inf,465.98390530145997,inf
107,144,inf,inf,inf,449.36510767971293,inf
107,145,inf,inf,inf,723.0670784927219,inf
107,146,inf,inf,inf,624.4109223900556,inf
107,147,inf,inf,inf,533.7049746817056,inf
107,148,inf,inf,inf,379.30726331036686,inf
107,149,inf,inf,inf,648.4705081960166,inf
107,150,inf,inf,inf,320.6555784638714,inf
107,151,inf,inf,inf,334.7730574583325,inf
107,152,inf,inf,inf,515.4929679442776,inf
107,153,inf,inf,inf,725.9951790473543,inf
107,154,inf,inf,inf,631.7349127600912,inf
107,155,inf,inf,inf,664.0609911747565,inf
107,156,inf,inf,inf,503.9533708588524,inf
107,157,inf,inf,inf,591.2774306533271,inf
107,158,inf,inf,inf,510.82775962157734,inf
107,159,inf,inf,inf,246.28844877500853,inf
107,160,inf,inf,inf,421.9016473065731,inf
107,161,inf,inf,inf,92.0869154657707,inf
107,162,inf,inf,inf,257.26251184344756,inf
107,163,inf,inf,inf,151.99013125857877,inf
107,164,inf,inf,inf,566.8059632713827,inf
107,165,inf,inf,inf,336.1487765856065,inf
107,166,inf,inf,inf,205.10485123467947,inf
107,167,inf,inf,inf,772.5108413478739,inf
107,168,inf,inf,inf,562.9102948072632,inf
107,169,inf,inf,inf,748.8825007970208,inf
107,170,inf,inf,inf,639.2691139105658,inf
108,109,inf,inf,inf,391.3681131620204,inf
108,110,inf,inf,inf,399.0112780360976,inf
108,111,inf,inf,inf,662.8981822271049,inf
108,112,inf,inf,inf,480.17080294411903,inf
108,113,inf,inf,inf,276.06158733152284,inf
108,114,inf,inf,inf,636.7369943705172,inf
108,115,inf,inf,inf,559.6516773851392,inf
108,116,inf,inf,inf,706.6272001557822,inf
108,117,inf,inf,inf,150.7647173578752,inf
108,118,inf,inf,inf,288.1405906844782,inf
108,119,inf,inf,inf,397.81905434506274,inf
108,120,inf,inf,inf,408.5400837127246,inf
108,121,inf,inf,inf,70.60453243241541,inf
108,122,inf,inf,inf,146.7310464761974,inf
108,123,inf,inf,inf,670.3223105342682,inf
108,124,inf,inf,inf,363.6756796927724,inf
108,125,inf,inf,inf,434.3328216932264,inf
108,126,inf,inf,inf,705.7832528475013,inf
108,127,inf,inf,inf,703.2588428167825,inf
108,128,inf,inf,inf,693.2366118433157,inf
108,129,inf,inf,inf,604.1862295683343,inf
108,130,inf,inf,inf,58.60034129593445,inf
108,131,inf,inf,inf,551.0036297521098,inf
108,132,inf,inf,inf,733.5400466232229,inf
108,133,inf,inf,inf,627.7387991832271,inf
108,134,inf,inf,inf,425.0799924720052,inf
108,135,inf,inf,inf,405.08764483750923,inf
108,136,inf,inf,inf,411.7523527558768,inf
108,137,inf,inf,inf,834.7005451058482,inf
108,138,inf,inf,inf,752.0664864225769,inf
108,139,inf,inf,inf,267.7106647109898,inf
108,140,inf,inf,inf,910.0137361600648,inf
108,141,inf,inf,inf,498.4014446206993,inf
108,142,inf,inf,inf,635.6178096938443,inf
108,143,inf,inf,inf,939.5983184318712,inf
108,144,inf,inf,inf,284.01584462842914,inf
108,145,inf,inf,inf,686.2215385719105,inf
108,146,inf,inf,inf,479.9135338787603,inf
108,147,inf,inf,inf,931.1611031395158,inf
108,148,inf,inf,inf,442.6511041441103,inf
108,149,inf,inf,inf,558.8022906180682,inf
108,150,inf,inf,inf,781.9936061119681,inf
108,151,inf,inf,inf,469.1534930062868,inf
108,152,inf,inf,inf,513.2494520211395,inf
108,153,inf,inf,inf,439.16397848639633,inf
108,154,inf,inf,inf,471.11039046066475,inf
108,155,inf,inf,inf,413.8755851702296,inf
108,156,inf,inf,inf,871.1170989023233,inf
108,157,inf,inf,inf,906.8390154817998,inf
108,158,inf,inf,inf,831.445127473846,inf
108,159,inf,inf,inf,283.3231370714365,inf
108,160,inf,inf,inf,787.4649198535767,inf
108,161,inf,inf,inf,404.3092875510035,inf
108,162,inf,inf,inf,240.91907354960503,inf
108,163,inf,inf,inf,471.0,inf
108,164,inf,inf,inf,198.13379318026495,inf
108,165,inf,inf,inf,501.0089819554137,inf
108,166,inf,inf,inf,299.482887658043,inf
108,167,inf,inf,inf,517.6069937703702,inf
108,168,inf,inf,inf,490.19383921057187,inf
108,169,inf,inf,inf,655.7873130825268,inf
108,170,inf,inf,inf,900.3493766310943,inf
109,110,inf,inf,inf,749.6886020208657,inf
109,111,inf,inf,inf,788.880852854219,inf
109,112,inf,inf,inf,473.2071428032337,inf
109,113,inf,inf,inf,522.6825040117567,inf
109,114,inf,inf,inf,815.8388321231099,inf
109,115,inf,inf,inf,944.2865031334505,inf
109,116,inf,inf,inf,565.32910768861,inf
109,117,inf,inf,inf,263.2508309578528,inf
109,118,inf,inf,inf,164.69365500832143,inf
109,119,inf,inf,inf,639.8476381139498,inf
109,120,inf,inf,inf,753.0006640103314,inf
109,121,inf,inf,inf,354.6632205346362,inf
109,122,inf,inf,inf,538.0306682708709,inf
109,123,inf,inf,inf,779.2669632417378,inf
109,124,inf,inf,inf,540.3008421240893,inf
109,125,inf,inf,inf,652.9012176432205,inf
109,126,inf,inf,inf,759.6584758955829,inf
109,127,inf,inf,inf,752.947541333392,inf
109,128,inf,inf,inf,896.2644698971392,inf
109,129,inf,inf,inf,774.1834407942345,inf
109,130,inf,inf,inf,415.12046444375636,inf
109,131,inf,inf,inf,895.8415038387092,inf
109,132,inf,inf,inf,737.0549504616328,inf
109,133,inf,inf,inf,841.1212754413004,inf
109,134,inf,inf,inf,548.0821106367184,inf
109,135,inf,inf,inf,54.120236510939236,inf
109,136,inf,inf,inf,562.1538935202708,inf
109,137,inf,inf,inf,642.1526298318804,inf
109,138,inf,inf,inf,641.2651557663179,inf
109,139,inf,inf,inf,639.5451508689594,inf
109,140,inf,inf,inf,641.1318117204917,inf
109,141,inf,inf,inf,150.41608956491322,inf
109,142,inf,inf,inf,520.9193795588718,inf
109,143,inf,inf,inf,562.0142346951721,inf
109,144,inf,inf,inf,471.44458847249484,inf
109,145,inf,inf,inf,535.2391988634614,inf
109,146,inf,inf,inf,682.0043988127936,inf
109,147,inf,inf,inf,540.8974024711156,inf
109,148,inf,inf,inf,186.93581786270923,inf
109,149,inf,inf,inf,451.9347298006649,inf
109,150,inf,inf,inf,514.463798532025,inf
109,151,inf,inf,inf,155.60205654167942,inf
109,152,inf,inf,inf,613.5535836420484,inf
109,153,inf,inf,inf,736.8052659963826,inf
109,154,inf,inf,inf,683.9897660053109,inf
109,155,inf,inf,inf,684.8824716694098,inf
109,156,inf,inf,inf,701.3201836536576,inf
109,157,inf,inf,inf,535.9944029558518,inf
109,158,inf,inf,inf,702.135314593989,inf
109,159,inf,inf,inf,266.05450569385215,inf
109,160,inf,inf,inf,617.9773458630988,inf
109,161,inf,inf,inf,131.3202193114221,inf
109,162,inf,inf,inf,226.75316976836288,inf
109,163,inf,inf,inf,308.3115307606902,inf
109,164,inf,inf,inf,404.4749683231337,inf
109,165,inf,inf,inf,170.59015211904818,inf
109,166,inf,inf,inf,216.3631207022121,inf
109,167,inf,inf,inf,575.8558847489535,inf
109,168,inf,inf,inf,640.7003980020615,inf
109,169,inf,inf,inf,554.3663048923519,inf
109,170,inf,inf,inf,552.1394751328689,inf
110,111,inf,inf,inf,507.0266265197519,inf
110,112,inf,inf,inf,558.2275521684683,inf
110,113,inf,inf,inf,573.8745507512945,inf
110,114,inf,inf,inf,423.38162454220895,inf
110,115,inf,inf,inf,436.02752206712825,inf
110,116,inf,inf,inf,811.9359580656593,inf
110,117,inf,inf,inf,487.64741360946437,inf
110,118,inf,inf,inf,681.5020176052305,inf
110,119,inf,inf,inf,647.0625935719048,inf
110,120,1.0,21.7279,21.72792206135786,20.12461179749811,1.0796691275336339
110,121,inf,inf,inf,403.8972641650349,inf
110,122,inf,inf,inf,290.99828178186897,inf
110,123,inf,inf,inf,532.2198793731778,inf
110,124,inf,inf,inf,678.6118183468367,inf
110,125,inf,inf,inf,278.0017985553331,inf
110,126,inf,inf,inf,618.4399728348742,inf
110,127,inf,inf,inf,621.3541663174071,inf
110,128,inf,inf,inf,904.0912564558956,inf
110,129,inf,inf,inf,415.5779108663019,inf
110,130,inf,inf,inf,419.7951881572727,inf
110,131,inf,inf,inf,152.00328943809077,inf
110,132,inf,inf,inf,691.4166616447712,inf
110,133,inf,inf,inf,840.9530307930402,inf
110,134,inf,inf,inf,405.4442008464297,inf
110,135,inf,inf,inf,744.3077320571109,inf
110,136,inf,inf,inf,369.87835838286077,inf
110,137,inf,inf,inf,956.6969217050926,inf
110,138,inf,inf,inf,817.2943166326314,inf
110,139,inf,inf,inf,376.8302004882305,inf
110,140,inf,inf,inf,1309.0244459138264,inf
110,141,inf,inf,inf,879.3281526256281,inf
110,142,inf,inf,inf,1022.5556219590209,inf
110,143,inf,inf,inf,1311.6344765215651,inf
110,144,inf,inf,inf,620.732631653919,inf
110,145,inf,inf,inf,805.7902953002102,inf
110,146,inf,inf,inf,740.0060810560951,inf
110,147,inf,inf,inf,1262.4361369986207,inf
110,148,inf,inf,inf,722.2700326055345,inf
110,149,inf,inf,inf,685.1233465588514,inf
110,150,inf,inf,inf,1180.8878016136841,inf
110,151,inf,inf,inf,770.660106661815,inf
110,152,inf,inf,inf,836.7944789492818,inf
110,153,inf,inf,inf,603.5602703955919,inf
110,154,inf,inf,inf,724.0338389882064,inf
110,155,inf,inf,inf,624.6959260312173,inf
110,156,inf,inf,inf,1260.7335166481455,inf
110,157,inf,inf,inf,1198.352619223574,inf
110,158,inf,inf,inf,1213.461577471656,inf
110,159,inf,inf,inf,681.4587294913757,inf
110,160,inf,inf,inf,1178.971161649003,inf
110,161,inf,inf,inf,793.4053188629377,inf
110,162,inf,inf,inf,639.3903346157181,inf
110,163,inf,inf,inf,869.5705836790938,inf
110,164,inf,inf,inf,358.62096982747676,inf
110,165,inf,inf,inf,803.5969138815803,inf
110,166,inf,inf,inf,698.1403870282825,inf
110,167,inf,inf,inf,507.9183005169237,inf
110,168,inf,inf,inf,787.6750599073199,inf
110,169,inf,inf,inf,740.913625195272,inf
110,170,inf,inf,inf,1163.5123548978756,inf
111,112,inf,inf,inf,332.05120087119093,inf
111,113,inf,inf,inf,932.3089616645332,inf
111,114,inf,inf,inf,106.47065323364932,inf
111,115,inf,inf,inf,942.7979635107407,inf
111,116,inf,inf,inf,473.4258125620106,inf
111,117,inf,inf,inf,622.0128616033594,inf
111,118,inf,inf,inf,828.135858419378,inf
111,119,inf,inf,inf,1043.0733435382192,inf
111,120,inf,inf,inf,488.66859935952505,inf
111,121,inf,inf,inf,609.7647087196831,inf
111,122,inf,inf,inf,665.4832830357199,inf
111,123,2.0,63.941100000000006,63.94112549695429,33.015148038438355,1.9367208477305609
111,124,inf,inf,inf,1025.8196722621378,inf
111,125,inf,inf,inf,251.03187048659777,inf
111,126,inf,inf,inf,138.01449199268893,inf
111,127,inf,inf,inf,145.2205219657332,inf
111,128,inf,inf,inf,1332.3651901787287,inf
111,129,inf,inf,inf,93.53608929178085,inf
111,130,inf,inf,inf,717.0829798565853,inf
111,131,inf,inf,inf,523.0038240777977,inf
111,132,inf,inf,inf,231.8641843838759,inf
111,133,inf,inf,inf,1266.2487907200543,inf
111,134,inf,inf,inf,252.1606630701942,inf
111,135,inf,inf,inf,750.7929141913901,inf
111,136,inf,inf,inf,254.4366325826531,inf
111,137,inf,inf,inf,598.4321181220139,inf
111,138,inf,inf,inf,431.3907741248067,inf
111,139,inf,inf,inf,813.7720811136248,inf
111,140,inf,inf,inf,1429.9290192173876,inf
111,141,inf,inf,inf,938.7960374863115,inf
111,142,inf,inf,inf,1248.9227358007379,inf
111,143,inf,inf,inf,1282.4028228290829,inf
111,144,inf,inf,inf,946.9112946839318,inf
111,145,inf,inf,inf,486.4339626300779,inf
111,146,inf,inf,inf,1132.1947712297563,inf
111,147,inf,inf,inf,1143.0699891082786,inf
111,148,inf,inf,inf,647.1367707061622,inf
111,149,inf,inf,inf,428.6560392669162,inf
111,150,inf,inf,inf,1302.4976007655446,inf
111,151,inf,inf,inf,707.4920494252922,inf
111,152,inf,inf,inf,1175.8830724183422,inf
111,153,inf,inf,inf,1043.9027732504594,inf
111,154,inf,inf,inf,1120.6752428781497,inf
111,155,inf,inf,inf,1042.5473610345,inf
111,156,inf,inf,inf,1465.3194191028795,inf
111,157,inf,inf,inf,1017.2831464248289,inf
111,158,inf,inf,inf,1446.051520520621,inf
111,159,inf,inf,inf,889.0455556381798,inf
111,160,inf,inf,inf,1379.4002319849014,inf
111,161,inf,inf,inf,897.4274343923302,inf
111,162,inf,inf,inf,826.0217914801037,inf
111,163,inf,inf,inf,1045.9851815393945,inf
111,164,inf,inf,inf,473.08033144488263,inf
111,165,inf,inf,inf,730.252011294731,inf
111,166,inf,inf,inf,874.9148529999934,inf
111,167,inf,inf,inf,218.7167117528974,inf
111,168,inf,inf,inf,1151.6336222948685,inf
111,169,inf,inf,inf,405.34553161469535,inf
111,170,inf,inf,inf,944.1530596253978,inf
112,113,inf,inf,inf,751.4000266169811,inf
112,114,inf,inf,inf,388.91901470614675,inf
112,115,inf,inf,inf,939.2560886148143,inf
112,116,inf,inf,inf,256.3630238548453,inf
112,117,inf,inf,inf,376.11966180990856,inf
112,118,inf,inf,inf,546.3231644365815,inf
112,119,inf,inf,inf,876.4473743471424,inf
112,120,inf,inf,inf,548.329280633453,inf
112,121,inf,inf,inf,411.0,inf
112,122,inf,inf,inf,554.4384546547975,inf
112,123,inf,inf,inf,315.8354001691387,inf
112,124,inf,inf,inf,825.9782079449797,inf
112,125,inf,inf,inf,312.385979198811,inf
112,126,inf,inf,inf,286.4716390849188,inf
112,127,inf,inf,inf,279.8660393831306,inf
112,128,inf,inf,inf,1171.3176341197975,inf
112,129,inf,inf,inf,347.224711102191,inf
112,130,inf,inf,inf,538.5629025471397,inf
112,131,inf,inf,inf,654.4134778563167,inf
112,132,inf,inf,inf,274.5632896073326,inf
112,133,inf,inf,inf,1106.3543736072995,inf
112,134,inf,inf,inf,161.83015788165073,inf
112,135,inf,inf,inf,429.51600668659603,inf
112,136,inf,inf,inf,196.95684806576287,inf
112,137,inf,inf,inf,400.2811511925087,inf
112,138,inf,inf,inf,279.8856909525744,inf
112,139,inf,inf,inf,713.6476721744422,inf
112,140,inf,inf,inf,1111.3977685779291,inf
112,141,inf,inf,inf,619.8386886924694,inf
112,142,inf,inf,inf,968.3398163867889,inf
112,143,inf,inf,inf,950.5077590425025,inf
112,144,inf,inf,inf,742.7819330059126,inf
112,145,inf,inf,inf,247.8225171367606,inf
112,146,inf,inf,inf,954.2772133924188,inf
112,147,inf,inf,inf,819.5883112880515,inf
112,148,inf,inf,inf,316.79646462673793,inf
112,149,inf,inf,inf,130.23056476879765,inf
112,150,inf,inf,inf,986.5586652602065,inf
112,151,inf,inf,inf,376.7187279655738,inf
112,152,inf,inf,inf,957.5661857020641,inf
112,153,inf,inf,inf,916.0005458513657,inf
112,154,inf,inf,inf,947.2153926114165,inf
112,155,inf,inf,inf,893.9848992013232,inf
112,156,inf,inf,inf,1169.0017108627344,inf
112,157,inf,inf,inf,707.8170667623098,inf
112,158,inf,inf,inf,1160.4951529411917,inf
112,159,inf,inf,inf,627.2001275510074,inf
112,160,inf,inf,inf,1084.1037773202343,inf
112,161,inf,inf,inf,593.068292863478,inf
112,162,inf,inf,inf,562.5317768802043,inf
112,163,inf,inf,inf,756.79653804705,inf
112,164,inf,inf,inf,292.5149568825499,inf
112,165,inf,inf,inf,398.4796105197856,inf
112,166,inf,inf,inf,600.5813849929084,inf
112,167,inf,inf,inf,114.03946685248927,inf
112,168,inf,inf,inf,951.5261425730772,inf
112,169,inf,inf,inf,189.7814532561072,inf
112,170,inf,inf,inf,648.0223761568732,inf
113,114,inf,inf,inf,895.8615964533807,inf
113,115,inf,inf,inf,506.0474286072403,inf
113,116,inf,inf,inf,963.4542023365719,inf
113,117,inf,inf,inf,386.2071982757442,inf
113,118,inf,inf,inf,361.53146474408004,inf
113,119,inf,inf,inf,127.66362050325849,inf
113,120,inf,inf,inf,590.0279654389273,inf
113,121,inf,inf,inf,341.7089404741995,inf
113,122,inf,inf,inf,290.1103238424996,inf
113,123,inf,inf,inf,941.9437350500294,inf
113,124,inf,inf,inf,104.7377677822093,inf
113,125,inf,inf,inf,692.9884558923042,inf
113,126,inf,inf,inf,981.3663943706244,inf
113,127,inf,inf,inf,979.0,inf
113,128,inf,inf,inf,420.1202208892117,inf
113,129,inf,inf,inf,866.8638878163054,inf
113,130,inf,inf,inf,218.24756585125985,inf
113,131,inf,inf,inf,713.0420744949066,inf
113,132,inf,inf,inf,1009.2814275513049,inf
113,133,inf,inf,inf,355.6880655855633,inf
113,134,inf,inf,inf,700.2463852102344,inf
113,135,inf,inf,inf,560.3588136185599,inf
113,136,inf,inf,inf,685.0357654896568,inf
113,137,inf,inf,inf,1081.9727353311634,inf
113,138,inf,inf,inf,1016.1230240477774,inf
113,139,inf,inf,inf,229.13969538253298,inf
113,140,inf,inf,inf,831.308005494955,inf
113,141,inf,inf,inf,561.0721878689052,inf
113,142,inf,inf,inf,489.71828636472213,inf
113,143,inf,inf,inf,979.2716681289212,inf
113,144,inf,inf,inf,72.00694410957877,inf
113,145,inf,inf,inf,940.1967879119775,inf
113,146,inf,inf,inf,203.92400545301183,inf
113,147,inf,inf,inf,1037.3779446277042,inf
113,148,inf,inf,inf,646.5369285663426,inf
113,149,inf,inf,inf,817.416662418867,inf
113,150,inf,inf,inf,717.899714444852,inf
113,151,inf,inf,inf,651.9394143630219,inf
113,152,inf,inf,inf,263.20524310887123,inf
113,153,inf,inf,inf,215.10230124292022,inf
113,154,inf,inf,inf,195.88006534611938,inf
113,155,inf,inf,inf,163.04907236779974,inf
113,156,inf,inf,inf,724.0338389882064,inf
113,157,inf,inf,inf,1056.8751108811296,inf
113,158,inf,inf,inf,662.9155300639743,inf
113,159,inf,inf,inf,275.0018181758077,inf
113,160,inf,inf,inf,650.6804131061576,inf
113,161,inf,inf,inf,460.0695599580568,inf
113,162,inf,inf,inf,296.5535364820322,inf
113,163,inf,inf,inf,415.21681083501426,inf
113,164,inf,inf,inf,474.17823653137015,inf
113,165,inf,inf,inf,678.1887642832193,inf
113,166,inf,inf,inf,324.3023280829171,inf
113,167,inf,inf,inf,793.6378267194679,inf
113,168,inf,inf,inf,222.03603311174518,inf
113,169,inf,inf,inf,919.082694864831,inf
113,170,inf,inf,inf,1074.1066055099,inf
114,115,inf,inf,inf,858.4287972802404,inf
114,116,inf,inf,inf,564.9247737531077,inf
114,117,inf,inf,inf,620.4417780904184,inf
114,118,inf,inf,inf,834.2116038512052,inf
114,119,inf,inf,inf,999.5729087965519,inf
114,120,inf,inf,inf,404.0309394093477,inf
114,121,inf,inf,inf,592.0684082097271,inf
114,122,inf,inf,inf,616.7171150535714,inf
114,123,inf,inf,inf,139.29106216839614,inf
114,124,inf,inf,inf,993.801791103236,inf
114,125,inf,inf,inf,203.22647465327935,inf
114,126,inf,inf,inf,244.13111231467406,inf
114,127,inf,inf,inf,251.00796800101784,inf
114,128,inf,inf,inf,1282.9127016286027,inf
114,129,inf,inf,inf,42.43819034784589,inf
114,130,inf,inf,inf,686.9119303083911,inf
114,131,inf,inf,inf,422.6405091800832,inf
114,132,inf,inf,inf,337.1483353065828,inf
114,133,inf,inf,inf,1217.2074597208152,inf
114,134,inf,inf,inf,267.9346935355703,inf
114,135,inf,inf,inf,783.077263110097,inf
114,136,inf,inf,inf,255.51907952244974,inf
114,137,inf,inf,inf,695.670180473477,inf
114,138,inf,inf,inf,529.9603758772914,inf
114,139,inf,inf,inf,756.0297613189576,inf
114,140,inf,inf,inf,1452.9215395195984,inf
114,141,inf,inf,inf,966.1563020546935,inf
114,142,inf,inf,inf,1247.5415824733059,inf
114,143,inf,inf,inf,1333.0270064781134,inf
114,144,inf,inf,inf,918.1051138077818,inf
114,145,inf,inf,inf,574.7782180980765,inf
114,146,inf,inf,inf,1090.8148330491294,inf
114,147,inf,inf,inf,1208.462245996953,inf
114,148,inf,inf,inf,692.0419062455684,inf
114,149,inf,inf,inf,501.40003988831114,inf
114,150,inf,inf,inf,1323.8564876904143,inf
114,151,inf,inf,inf,752.4712619097157,inf
114,152,inf,inf,inf,1148.0666356967265,inf
114,153,inf,inf,inf,988.6076066873044,inf
114,154,inf,inf,inf,1078.019016529857,inf
114,155,inf,inf,inf,993.4128044272431,inf
114,156,inf,inf,inf,1471.175380435657,inf
114,157,inf,inf,inf,1091.8594231859704,inf
114,158,inf,inf,inf,1445.6296206151837,inf
114,159,inf,inf,inf,884.3359090300472,inf
114,160,inf,inf,inf,1385.2382466565093,inf
114,161,inf,inf,inf,914.5621903402742,inf
114,162,inf,inf,inf,823.6504112789601,inf
114,163,inf,inf,inf,1051.7723137637727,inf
114,164,inf,inf,inf,461.1041097192694,inf
114,165,inf,inf,inf,778.1645070292013,inf
114,166,inf,inf,inf,876.2488231090528,inf
114,167,inf,inf,inf,276.9566753122228,inf
114,168,inf,inf,inf,1117.5276282938155,inf
114,169,inf,inf,inf,494.0010121447121,inf
114,170,inf,inf,inf,1024.256315577307,inf
115,116,inf,inf,inf,1194.172516850057,inf
115,117,inf,inf,inf,708.0112993448621,inf
115,118,inf,inf,inf,810.8668201375611,inf
115,119,inf,inf,inf,483.911148869294,inf
115,120,inf,inf,inf,454.8681127535761,inf
115,121,inf,inf,inf,615.2080948752218,inf
115,122,inf,inf,inf,420.47592083257274,inf
115,123,inf,inf,inf,967.3231104444884,inf
115,124,inf,inf,inf,582.1838197682928,inf
115,125,inf,inf,inf,705.2836308890204,inf
115,126,inf,inf,inf,1049.7409204179858,inf
115,127,inf,inf,inf,1051.926328218854,inf
115,128,inf,inf,inf,617.8875302188902,inf
115,129,inf,inf,inf,851.6037811095016,inf
115,130,inf,inf,inf,529.1993953133356,inf
115,131,inf,inf,inf,474.4733922992943,inf
115,132,inf,inf,inf,1116.6257206423288,inf
115,133,inf,inf,inf,570.6294769813421,inf
115,134,inf,inf,inf,808.5771453609111,inf
115,135,inf,inf,inf,963.3078428000055,inf
115,136,inf,inf,inf,776.1765263134412,inf
115,137,inf,inf,inf,1335.5272367121534,inf
115,138,inf,inf,inf,1215.642217101726,inf
115,139,inf,inf,inf,308.11199262605794,inf
115,140,inf,inf,inf,1336.6992930348995,inf
115,141,inf,inf,inf,1027.6001167769493,inf
115,142,inf,inf,inf,987.1676655968832,inf
115,143,inf,inf,inf,1464.4879651263782,inf
115,144,inf,inf,inf,577.8174452195087,inf
115,145,inf,inf,inf,1181.5015869646556,inf
115,146,inf,inf,inf,551.8523353216873,inf
115,147,inf,inf,inf,1484.853191396375,inf
115,148,inf,inf,inf,997.6863234504119,inf
115,149,inf,inf,inf,1052.7573319621195,inf
115,150,inf,inf,inf,1223.8986886176485,inf
115,151,inf,inf,inf,1028.1094299732883,inf
115,152,inf,inf,inf,703.8501260921959,inf
115,153,inf,inf,inf,369.08671067921154,inf
115,154,inf,inf,inf,533.0337700371338,inf
115,155,inf,inf,inf,429.4380048388824,inf
115,156,inf,inf,inf,1213.001648803496,inf
115,157,inf,inf,inf,1466.4859358343672,inf
115,158,inf,inf,inf,1142.277111737778,inf
115,159,inf,inf,inf,753.4255105848222,inf
115,160,inf,inf,inf,1146.0824577664557,inf
115,161,inf,inf,inf,925.8444793808516,inf
115,162,inf,inf,inf,747.5212371565104,inf
115,163,inf,inf,inf,917.3467174411211,inf
115,164,inf,inf,inf,666.8590555732148,inf
115,165,inf,inf,inf,1060.271663301439,inf
115,166,inf,inf,inf,794.3802615876102,inf
115,167,inf,inf,inf,916.9214797353152,inf
115,168,inf,inf,inf,631.271732299174,inf
115,169,inf,inf,inf,1128.9946855499365,inf
115,170,inf,inf,inf,1457.4954545383666,inf
116,117,inf,inf,inf,577.2486465986733,inf
116,118,inf,inf,inf,690.751040534866,inf
116,119,inf,inf,inf,1090.978459915685,inf
116,120,inf,inf,inf,801.0049937422363,inf
116,121,inf,inf,inf,636.0385208460254,inf
116,122,inf,inf,inf,799.7799697416784,inf
116,123,inf,inf,inf,444.2004052226877,inf
116,124,inf,inf,inf,1024.2001757469093,inf
116,125,inf,inf,inf,552.20376673833,inf
116,126,inf,inf,inf,357.0154058300566,inf
116,127,inf,inf,inf,347.80023001717524,inf
116,128,inf,inf,inf,1381.0753056948054,inf
116,129,inf,inf,inf,529.8726262036944,inf
116,130,inf,inf,inf,762.8708934020225,inf
116,131,inf,inf,inf,898.2944951406527,inf
116,132,inf,inf,inf,276.87722911066555,inf
116,133,inf,inf,inf,1318.053868398405,inf
116,134,inf,inf,inf,407.82962128810607,inf
116,135,inf,inf,inf,511.71281008002916,inf
116,136,inf,inf,inf,443.8220364064858,inf
116,137,inf,inf,inf,144.77914214416384,inf
116,138,inf,inf,inf,83.48652585896721,inf
116,139,inf,inf,inf,956.6801973491455,inf
116,140,inf,inf,inf,1150.316912854888,inf
116,141,inf,inf,inf,685.245941250293,inf
116,142,inf,inf,inf,1086.2357018621694,inf
116,143,inf,inf,inf,902.6566346069806,inf
116,144,inf,inf,inf,942.0833296476485,inf
116,145,inf,inf,inf,31.144823004794873,inf
116,146,inf,inf,inf,1160.6261241243883,inf
116,147,inf,inf,inf,718.0006963784924,inf
116,148,inf,inf,inf,378.3992600415598,inf
116,149,inf,inf,inf,147.87156589419075,inf
116,150,inf,inf,inf,1037.5702385862849,inf
116,151,inf,inf,inf,419.1049987771561,inf
116,152,inf,inf,inf,1138.1937444916837,inf
116,153,inf,inf,inf,1145.6146821684854,inf
116,154,inf,inf,inf,1156.1371025964006,inf
116,155,inf,inf,inf,1116.129472776344,inf
116,156,inf,inf,inf,1255.3489554701514,inf
116,157,inf,inf,inf,568.6237772024663,inf
116,158,inf,inf,inf,1264.2962469294923,inf
116,159,inf,inf,inf,787.5239678892319,inf
116,160,inf,inf,inf,1175.0408503537228,inf
116,161,inf,inf,inf,696.6462516945024,inf
116,162,inf,inf,inf,726.7048919609665,inf
116,163,inf,inf,inf,873.39624455341,inf
116,164,inf,inf,inf,536.2210365138615,inf
116,165,inf,inf,inf,421.5210552273753,inf
116,166,inf,inf,inf,749.1862251803619,inf
116,167,inf,inf,inf,316.62122480970856,inf
116,168,inf,inf,inf,1144.9122237097479,inf
116,169,inf,inf,inf,73.68174807915459,inf
116,170,inf,inf,inf,483.27735307998864,inf
117,118,inf,inf,inf,216.76023620581336,inf
117,119,inf,inf,inf,513.7411799729509,inf
117,120,inf,inf,inf,491.91970889566926,inf
117,121,inf,inf,inf,95.12623192369179,inf
117,122,inf,inf,inf,288.99826989101507,inf
117,123,inf,inf,inf,622.1012779282808,inf
117,124,inf,inf,inf,451.9756630616299,inf
117,125,inf,inf,inf,431.6769625541766,inf
117,126,inf,inf,inf,636.0534568729266,inf
117,127,inf,inf,inf,631.8203858692754,inf
117,128,inf,inf,inf,804.6670118750985,inf
117,129,inf,inf,inf,582.2482288508915,inf
117,130,inf,inf,inf,196.8654362756449,inf
117,131,inf,inf,inf,635.645341365765,inf
117,132,inf,inf,inf,646.2422146532986,inf
117,133,inf,inf,inf,741.157203297654,inf
117,134,inf,inf,inf,370.22830793984406,inf
117,135,inf,inf,inf,265.6501458685841,inf
117,136,inf,inf,inf,369.7161073039691,inf
117,137,inf,inf,inf,697.8660329891404,inf
117,138,inf,inf,inf,631.1592509026545,inf
117,139,inf,inf,inf,418.3359893673983,inf
117,140,inf,inf,inf,850.2734854151339,inf
117,141,inf,inf,inf,393.17426161945036,inf
117,142,inf,inf,inf,628.1560315717744,inf
117,143,inf,inf,inf,824.4058466556385,inf
117,144,inf,inf,inf,368.8590516715023,inf
117,145,inf,inf,inf,554.1786715491675,inf
117,146,inf,inf,inf,584.8529729769697,inf
117,147,inf,inf,inf,793.5319779315765,inf
117,148,inf,inf,inf,291.8938163099726,inf
117,149,inf,inf,inf,431.41859023458875,inf
117,150,inf,inf,inf,720.1388754955533,inf
117,151,inf,inf,inf,320.18900668199086,inf
117,152,inf,inf,inf,581.588342386606,inf
117,153,inf,inf,inf,575.0347815567333,inf
117,154,inf,inf,inf,579.5903725908497,inf
117,155,inf,inf,inf,540.6005919345631,inf
117,156,inf,inf,inf,850.9506448672566,inf
117,157,inf,inf,inf,759.5347260000691,inf
117,158,inf,inf,inf,825.9812346536694,inf
117,159,inf,inf,inf,267.0468123756582,inf
117,160,inf,inf,inf,765.0731991123464,inf
117,161,inf,inf,inf,314.5854414940399,inf
117,162,inf,inf,inf,204.24495097798624,inf
117,163,inf,inf,inf,432.20018509945135,inf
117,164,inf,inf,inf,163.62457028209425,inf
117,165,inf,inf,inf,352.5677239907249,inf
117,166,inf,inf,inf,255.8124312851117,inf
117,167,inf,inf,inf,440.69150207372957,inf
117,168,inf,inf,inf,576.4512121593639,inf
117,169,inf,inf,inf,534.083326832059,inf
117,170,inf,inf,inf,750.1766458641591,inf
118,119,inf,inf,inf,475.94642555649057,inf
118,120,inf,inf,inf,688.8904121846957,inf
118,121,inf,inf,inf,279.8035024798653,inf
118,122,inf,inf,inf,428.981351576033,inf
118,123,inf,inf,inf,824.9224205948096,inf
118,124,inf,inf,inf,375.6660751252367,inf
118,125,inf,inf,inf,648.2746331609775,inf
118,126,inf,inf,inf,825.642174310397,inf
118,127,inf,inf,inf,820.2548384496125,inf
118,128,inf,inf,inf,732.7769101165784,inf
118,129,inf,inf,inf,795.0572306444361,inf
118,130,inf,inf,inf,292.04280508172087,inf
118,131,inf,inf,inf,832.946576918352,inf
118,132,inf,inf,inf,820.5522530588775,inf
118,133,inf,inf,inf,676.8906854138266,inf
118,134,inf,inf,inf,576.452946908939,inf
118,135,inf,inf,inf,209.95475703112803,inf
118,136,inf,inf,inf,580.5040912861855,inf
118,137,inf,inf,inf,784.3086127284336,inf
118,138,inf,inf,inf,759.8348504773916,inf
118,139,inf,inf,inf,502.7862368840261,inf
118,140,inf,inf,inf,635.6807374775485,inf
118,141,inf,inf,inf,217.27632176562636,inf
118,142,inf,inf,inf,423.68030400291207,inf
118,143,inf,inf,inf,658.1489193184169,inf
118,144,inf,inf,inf,307.37599125501004,inf
118,145,inf,inf,inf,662.4990566031018,inf
118,146,inf,inf,inf,517.4958937035153,inf
118,147,inf,inf,inf,681.8988194739744,inf
118,148,inf,inf,inf,323.8904135660702,inf
118,149,inf,inf,inf,560.290103428572,inf
118,150,inf,inf,inf,505.75586996099213,inf
118,151,inf,inf,inf,310.4834939252005,inf
118,152,inf,inf,inf,456.7931698263449,inf
118,153,inf,inf,inf,576.5500845546725,inf
118,154,inf,inf,inf,519.3168589599225,inf
118,155,inf,inf,inf,522.4442553995593,inf
118,156,inf,inf,inf,637.8165880564726,inf
118,157,inf,inf,inf,695.4437432316147,inf
118,158,inf,inf,inf,619.0201935316811,inf
118,159,inf,inf,inf,103.23274674249446,inf
118,160,inf,inf,inf,551.8296838699418,inf
118,161,inf,inf,inf,117.64777940955791,inf
118,162,inf,inf,inf,66.007575322837,inf
118,163,inf,inf,inf,218.07338214463496,inf
118,164,inf,inf,inf,380.38401648860065,inf
118,165,inf,inf,inf,331.15706243412654,inf
118,166,inf,inf,inf,58.52349955359813,inf
118,167,inf,inf,inf,631.6660510111336,inf
118,168,inf,inf,inf,478.6282482261155,inf
118,169,inf,inf,inf,666.5748270074411,inf
118,170,inf,inf,inf,716.2080703259354,inf
119,120,inf,inf,inf,665.0,inf
119,121,inf,inf,inf,465.63612402819433,inf
119,122,inf,inf,inf,383.4709897762802,inf
119,123,inf,inf,inf,1054.6544457783316,inf
119,124,inf,inf,inf,117.71151175649729,inf
119,125,inf,inf,inf,798.5142453331688,inf
119,126,inf,inf,inf,1099.2370081106258,inf
119,127,inf,inf,inf,1097.289843204611,inf
119,128,inf,inf,inf,295.4200399431291,inf
119,129,inf,inf,inf,973.0760504708766,inf
119,130,inf,inf,inf,339.24917096435183,inf
119,131,inf,inf,inf,774.6128065039978,inf
119,132,inf,inf,inf,1130.9045052523225,inf
119,133,inf,inf,inf,230.0,inf
119,134,inf,inf,inf,817.9614905360766,inf
119,135,inf,inf,inf,680.4616080279621,inf
119,136,inf,inf,inf,800.5248278473317,inf
119,137,inf,inf,inf,1209.5788523283632,inf
119,138,inf,inf,inf,1143.0345576578163,inf
119,139,inf,inf,inf,273.1245137295442,inf
119,140,inf,inf,inf,870.0143676974536,inf
119,141,inf,inf,inf,662.148019705564,inf
119,142,inf,inf,inf,510.65644028054714,inf
119,143,inf,inf,inf,1061.8027123717475,inf
119,144,inf,inf,inf,168.5852899869974,inf
119,145,inf,inf,inf,1067.8164636303375,inf
119,146,inf,inf,inf,93.1933474020544,inf
119,147,inf,inf,inf,1139.4195890891117,inf
119,148,inf,inf,inf,771.7875355303427,inf
119,149,inf,inf,inf,944.7624039937238,inf
119,150,inf,inf,inf,767.490716556233,inf
119,151,inf,inf,inf,774.6308798389075,inf
119,152,inf,inf,inf,221.00904958847272,inf
119,153,inf,inf,inf,127.534309109353,inf
119,154,inf,inf,inf,78.64477096412705,inf
119,155,inf,inf,inf,60.00833275470999,inf
119,156,inf,inf,inf,730.3019923292007,inf
119,157,inf,inf,inf,1169.7542476947883,inf
119,158,inf,inf,inf,658.4018529743063,inf
119,159,inf,inf,inf,380.93043984433695,inf
119,160,inf,inf,inf,666.4000300120041,inf
119,161,inf,inf,inf,564.3846206267496,inf
119,162,inf,inf,inf,413.27230732290786,inf
119,163,inf,inf,inf,488.04610437949407,inf
119,164,inf,inf,inf,594.7814724753958,inf
119,165,inf,inf,inf,799.801225305388,inf
119,166,inf,inf,inf,432.03009154455896,inf
119,167,inf,inf,inf,914.3593385535032,inf
119,168,inf,inf,inf,152.50573759698355,inf
119,169,inf,inf,inf,1046.0406301860364,inf
119,170,inf,inf,inf,1191.955116604648,inf
120,121,inf,inf,inf,410.20970246935894,inf
120,122,inf,inf,inf,305.26218239408564,inf
120,123,inf,inf,inf,514.2188250151875,inf
120,124,inf,inf,inf,694.7524739070743,inf
120,125,inf,inf,inf,262.77366686941826,inf
120,126,inf,inf,inf,601.4790104400984,inf
120,127,inf,inf,inf,604.5494189890517,inf
120,128,inf,inf,inf,923.4110677266111,inf
120,129,inf,inf,inf,396.8904130865345,inf
120,130,inf,inf,inf,431.5611196574594,inf
120,131,inf,inf,inf,144.25671561490648,inf
120,132,inf,inf,inf,675.529422009138,inf
120,133,inf,inf,inf,860.1424300660908,inf
120,134,inf,inf,inf,393.72071319655004,inf
120,135,inf,inf,inf,746.1856337400231,inf
120,136,inf,inf,inf,357.94552658190884,inf
120,137,inf,inf,inf,945.7832732714191,inf
120,138,inf,inf,inf,804.6819247379675,inf
120,139,inf,inf,inf,395.4642841016114,inf
120,140,inf,inf,inf,1318.256424221024,inf
120,141,inf,inf,inf,884.4461543813733,inf
120,142,inf,inf,inf,1035.086952869178,inf
120,143,inf,inf,inf,1315.0095056690654,inf
120,144,inf,inf,inf,635.7247832199088,inf
120,145,inf,inf,inf,795.5105279001655,inf
120,146,inf,inf,inf,758.023746329889,inf
120,147,inf,inf,inf,1262.0903295723328,inf
120,148,inf,inf,inf,720.5421569901375,inf
120,149,inf,inf,inf,676.0184908713667,inf
120,150,inf,inf,inf,1189.8054462810296,inf
120,151,inf,inf,inf,769.8947980081434,inf
120,152,inf,inf,inf,853.1178113250245,inf
120,153,inf,inf,inf,622.8964600958975,inf
120,154,inf,inf,inf,742.1724866902572,inf
120,155,inf,inf,inf,643.3552673290241,inf
120,156,inf,inf,inf,1273.0341707903995,inf
120,157,inf,inf,inf,1195.3409555436474,inf
120,158,inf,inf,inf,1226.7061587845722,inf
120,159,inf,inf,inf,691.5728450423716,inf
120,160,inf,inf,inf,1190.9298887843902,inf
120,161,inf,inf,inf,799.8281065328974,inf
120,162,inf,inf,inf,648.2044430578982,inf
120,163,inf,inf,inf,879.4964468376209,inf
120,164,inf,inf,inf,358.23176855214837,inf
120,165,inf,inf,inf,802.7060483140762,inf
120,166,inf,inf,inf,707.0113153267067,inf
120,167,inf,inf,inf,494.84138872976257,inf
120,168,inf,inf,inf,804.7937624012751,inf
120,169,inf,inf,inf,729.5724775510655,inf
120,170,inf,inf,inf,1158.8580586076969,inf
121,122,inf,inf,inf,195.04102132628407,inf
121,123,inf,inf,inf,614.8991787277,inf
121,124,inf,inf,inf,423.72750677764594,inf
121,125,inf,inf,inf,392.9401990125215,inf
121,126,inf,inf,inf,644.3795465407014,inf
121,127,inf,inf,inf,641.404708432983,inf
121,128,inf,inf,inf,760.8206096051815,inf
121,129,inf,inf,inf,557.2019382593711,inf
121,130,inf,inf,inf,127.98828071350908,inf
121,131,inf,inf,inf,554.4600977527598,inf
121,132,inf,inf,inf,668.0628712928147,inf
121,133,inf,inf,inf,695.6241801432725,inf
121,134,inf,inf,inf,365.6993300513415,inf
121,135,inf,inf,inf,360.25685281476603,inf
121,136,inf,inf,inf,355.95083930228344,inf
121,137,inf,inf,inf,764.5456166900703,inf
121,138,inf,inf,inf,681.6868782659675,inf
121,139,inf,inf,inf,332.75817044814994,inf
121,140,inf,inf,inf,913.9321637845995,inf
121,141,inf,inf,inf,476.3412642213563,inf
121,142,inf,inf,inf,662.0732587863672,inf
121,143,inf,inf,inf,912.9961664760701,inf
121,144,inf,inf,inf,341.891795748304,inf
121,145,inf,inf,inf,615.7312725532138,inf
121,146,inf,inf,inf,545.475938974397,inf
121,147,inf,inf,inf,888.2927445386459,inf
121,148,inf,inf,inf,382.57678967757573,inf
121,149,inf,inf,inf,488.2058991859889,inf
121,150,inf,inf,inf,784.4061448000009,inf
121,151,inf,inf,inf,414.16180412973864,inf
121,152,inf,inf,inf,567.9947182853024,inf
121,153,inf,inf,inf,509.7607281852928,inf
121,154,inf,inf,inf,537.5090696909216,inf
121,155,inf,inf,inf,483.6796460468437,inf
121,156,inf,inf,inf,893.2860684013829,inf
121,157,inf,inf,inf,853.9461341325926,inf
121,158,inf,inf,inf,859.7906721987625,inf
121,159,inf,inf,inf,300.18827425467504,inf
121,160,inf,inf,inf,808.3081095720863,inf
121,161,inf,inf,inf,389.6318775459729,inf
121,162,inf,inf,inf,246.5461417260469,inf
121,163,inf,inf,inf,481.99792530673824,inf
121,164,inf,inf,inf,137.5281789307195,inf
121,165,inf,inf,inf,446.79413604030213,inf
121,166,inf,inf,inf,304.55377193526925,inf
121,167,inf,inf,inf,453.50633953672576,inf
121,168,inf,inf,inf,550.567888638631,inf
121,169,inf,inf,inf,585.3170081246571,inf
121,170,inf,inf,inf,842.287361890228,inf
122,123,inf,inf,inf,679.7308290786876,inf
122,124,inf,inf,inf,393.92638906272833,inf
122,125,inf,inf,inf,417.25891242728414,inf
122,126,inf,inf,inf,734.9258465995056,inf
122,127,inf,inf,inf,734.2131843000369,inf
122,128,inf,inf,inf,667.4616093828918,inf
122,129,inf,inf,inf,591.5310642730439,inf
122,130,inf,inf,inf,140.18559127100045,inf
122,131,inf,inf,inf,438.32065887886233,inf
122,132,inf,inf,inf,779.495349569194,inf
122,133,inf,inf,inf,601.4798417237273,inf
122,134,inf,inf,inf,458.6033144232606,inf
122,135,inf,inf,inf,550.3108212637654,inf
122,136,inf,inf,inf,435.0287346831241,inf
122,137,inf,inf,inf,935.7740111800498,inf
122,138,inf,inf,inf,834.0419653710477,inf
122,139,inf,inf,inf,159.7904878270293,inf
122,140,inf,inf,inf,1033.946323558433,inf
122,141,inf,inf,inf,642.7767886288366,inf
122,142,inf,inf,inf,733.5529974037322,inf
122,143,inf,inf,inf,1084.5298520557192,inf
122,144,inf,inf,inf,330.9274845037807,inf
122,145,inf,inf,inf,783.1385573447396,inf
122,146,inf,inf,inf,475.5849030404561,inf
122,147,inf,inf,inf,1077.3434921138198,inf
122,148,inf,inf,inf,577.2503789518029,inf
122,149,inf,inf,inf,653.4049280499803,inf
122,150,inf,inf,inf,908.3655651773685,inf
122,151,inf,inf,inf,609.0065681090804,inf
122,152,inf,inf,inf,552.5984075257546,inf
122,153,inf,inf,inf,380.0328933131973,inf
122,154,inf,inf,inf,462.0876540224809,inf
122,155,inf,inf,inf,377.54072627996044,inf
122,156,inf,inf,inf,972.1177912166818,inf
122,157,inf,inf,inf,1048.5327844183032,inf
122,158,inf,inf,inf,922.9718305560576,inf
122,159,inf,inf,inf,405.9187110740277,inf
122,160,inf,inf,inf,891.4398465404157,inf
122,161,inf,inf,inf,546.3954611817342,inf
122,162,inf,inf,inf,375.217270391436,inf
122,163,inf,inf,inf,592.8617039411469,inf
122,164,inf,inf,inf,263.7062759966095,inf
122,165,inf,inf,inf,641.510716979849,inf
122,166,inf,inf,inf,431.7406628984581,inf
122,167,inf,inf,inf,563.6177782859586,inf
122,168,inf,inf,inf,510.47428926440557,inf
122,169,inf,inf,inf,741.0458825201041,inf
122,170,inf,inf,inf,1037.1562080998215,inf
123,124,inf,inf,inf,1033.878135952202,inf
123,125,inf,inf,inf,269.5570440556136,inf
123,126,inf,inf,inf,105.00476179678711,inf
123,127,inf,inf,inf,112.21853679316978,inf
123,128,inf,inf,inf,1345.3969674412085,inf
123,129,inf,inf,inf,123.13001258832064,inf
123,130,inf,inf,inf,725.4805304072605,inf
123,131,inf,inf,inf,553.1988792468762,inf
123,132,inf,inf,inf,198.90952717253137,inf
123,133,inf,inf,inf,1279.226328684647,inf
123,134,inf,inf,inf,252.14479966876175,inf
123,135,inf,inf,inf,739.6350451405071,inf
123,136,inf,inf,inf,259.04439773907484,inf
123,137,inf,inf,inf,567.2997444032563,inf
123,138,inf,inf,inf,400.04999687539055,inf
123,139,inf,inf,inf,830.2439400561741,inf
123,140,inf,inf,inf,1420.3383399739655,inf
123,141,inf,inf,inf,928.6290971103587,inf
123,142,inf,inf,inf,1247.090213256443,inf
123,143,inf,inf,inf,1264.5082047974224,inf
123,144,inf,inf,inf,954.1535515838109,inf
123,145,inf,inf,inf,458.18773444953763,inf
123,146,inf,inf,inf,1142.9650038387,inf
123,147,inf,inf,inf,1120.839417579521,inf
123,148,inf,inf,inf,632.3796328156054,inf
123,149,inf,inf,inf,405.88668369386056,inf
123,150,inf,inf,inf,1293.5571112247035,inf
123,151,inf,inf,inf,692.4687718590637,inf
123,152,inf,inf,inf,1182.367540149847,inf
123,153,inf,inf,inf,1059.1454102246773,inf
123,154,inf,inf,inf,1131.8608571728241,inf
123,155,inf,inf,inf,1055.8773603027958,inf
123,156,inf,inf,inf,1460.9753591351225,inf
123,157,inf,inf,inf,992.4157394963061,inf
123,158,inf,inf,inf,1443.6706688161257,inf
123,159,inf,inf,inf,888.9926883838809,inf
123,160,inf,inf,inf,1375.1585363149952,inf
123,161,inf,inf,inf,890.5560060995602,inf
123,162,inf,inf,inf,825.4416999400987,inf
123,163,inf,inf,inf,1042.2864289627876,inf
123,164,inf,inf,inf,477.5447622998288,inf
123,165,inf,inf,inf,714.2170538428777,inf
123,166,inf,inf,inf,873.0280636955492,inf
123,167,inf,inf,inf,204.62893246068603,inf
123,168,inf,inf,inf,1160.1112015664705,inf
123,169,inf,inf,inf,377.25985739275256,inf
123,170,inf,inf,inf,917.7063800584585,inf
124,125,inf,inf,inf,790.5953452936591,inf
124,126,inf,inf,inf,1067.9559916026503,inf
124,127,inf,inf,inf,1065.0769925221368,inf
124,128,inf,inf,inf,361.08863177895813,inf
124,129,inf,inf,inf,963.537752244301,inf
124,130,inf,inf,inf,308.75556675143525,inf
124,131,inf,inf,inf,817.3328575311285,inf
124,132,inf,inf,inf,1090.3471924116648,inf
124,133,inf,inf,inf,302.34417474130373,inf
124,134,inf,inf,inf,788.1605166461969,inf
124,135,inf,inf,inf,584.5237377557904,inf
124,136,inf,inf,inf,775.427623959838,inf
124,137,inf,inf,inf,1135.3523682099756,inf
124,138,inf,inf,inf,1081.9833640125896,inf
124,139,inf,inf,inf,327.38509434609267,inf
124,140,inf,inf,inf,758.9077677820935,inf
124,141,inf,inf,inf,550.0909015790027,inf
124,142,inf,inf,inf,404.99135793248723,inf
124,143,inf,inf,inf,944.3098008598661,inf
124,144,inf,inf,inf,83.21658488546619,inf
124,145,inf,inf,inf,999.2196955624923,inf
124,146,inf,inf,inf,142.1724305201258,inf
124,147,inf,inf,inf,1026.3941737948437,inf
124,148,inf,inf,inf,686.0029154456998,inf
124,149,inf,inf,inf,880.9086218218097,inf
124,150,inf,inf,inf,652.9823887364804,inf
124,151,inf,inf,inf,682.440473594584,inf
124,152,inf,inf,inf,158.71042813879623,inf
124,153,inf,inf,inf,243.21389762922678,inf
124,154,inf,inf,inf,143.7810835958611,inf
124,155,inf,inf,inf,176.57009939398006,inf
124,156,inf,inf,inf,633.3442981506978,inf
124,157,inf,inf,inf,1063.2840636443302,inf
124,158,inf,inf,inf,567.6028541154458,inf
124,159,inf,inf,inf,275.5721321178903,inf
124,160,inf,inf,inf,564.1710733456653,inf
124,161,inf,inf,inf,454.7548790282519,inf
124,162,inf,inf,inf,317.2790569829657,inf
124,163,inf,inf,inf,370.3903346471125,inf
124,164,inf,inf,inf,560.083029559011,inf
124,165,inf,inf,inf,705.3864189222812,inf
124,166,inf,inf,inf,326.67108840544796,inf
124,167,inf,inf,inf,877.0205242752304,inf
124,168,inf,inf,inf,126.84636376341263,inf
124,169,inf,inf,inf,985.0324867739134,inf
124,170,inf,inf,inf,1090.422395221228,inf
125,126,inf,inf,inf,344.6113753200843,inf
125,127,inf,inf,inf,346.6554485364394,inf
125,128,inf,inf,inf,1084.7018023401638,inf
125,129,inf,inf,inf,174.56230979223437,inf
125,130,inf,inf,inf,483.8026457141383,inf
125,131,inf,inf,inf,346.09247319177575,inf
125,132,inf,inf,inf,413.726963104896,inf
125,133,inf,inf,inf,1018.7369631067678,inf
125,134,inf,inf,inf,150.68510211696443,inf
125,135,inf,inf,inf,628.245970938135,inf
125,136,inf,inf,inf,116.81181447096864,inf
125,137,inf,inf,inf,696.0,inf
125,138,inf,inf,inf,547.2412630641078,inf
125,139,inf,inf,inf,562.993783269407,inf
125,140,inf,inf,inf,1277.8301921616971,inf
125,141,inf,inf,inf,800.7277939474812,inf
125,142,inf,inf,inf,1053.1975123403968,inf
125,143,inf,inf,inf,1196.0351165413163,inf
125,144,inf,inf,inf,714.9517466235046,inf
125,145,inf,inf,inf,550.9237696814324,inf
125,146,inf,inf,inf,889.1625273255728,inf
125,147,inf,inf,inf,1100.6916007674447,inf
125,148,inf,inf,inf,560.4828275692307,inf
125,149,inf,inf,inf,442.44886710217713,inf
125,150,inf,inf,inf,1147.8488576463367,inf
125,151,inf,inf,inf,618.3752905800814,inf
125,152,inf,inf,inf,944.902111332174,inf
125,153,inf,inf,inf,793.8324760300501,inf
125,154,inf,inf,inf,876.7496792129439,inf
125,155,inf,inf,inf,794.7930548262233,inf
125,156,inf,inf,inf,1280.8692361049195,inf
125,157,inf,inf,inf,1007.0004965242073,inf
125,158,inf,inf,inf,1251.2625623745002,inf
125,159,inf,inf,inf,689.7919976340694,inf
125,160,inf,inf,inf,1195.2171350846675,inf
125,161,inf,inf,inf,738.1768080886854,inf
125,162,inf,inf,inf,631.1806397537871,inf
125,163,inf,inf,inf,863.4488983141968,inf
125,164,inf,inf,inf,268.4026825499328,inf
125,165,inf,inf,inf,648.0871854928163,inf
125,166,inf,inf,inf,685.962826981171,inf
125,167,inf,inf,inf,237.60892239139505,inf
125,168,inf,inf,inf,914.4905685680963,inf
125,169,inf,inf,inf,479.0260953225826,inf
125,170,inf,inf,inf,955.1554847248693,inf
126,127,inf,inf,inf,9.219544457292887,inf
126,128,inf,inf,inf,1393.166537065831,inf
126,129,inf,inf,inf,224.1628872048181,inf
126,130,inf,inf,inf,763.1356366990078,inf
126,131,inf,inf,inf,651.7675966170764,inf
126,132,inf,inf,inf,94.72592042308166,inf
126,133,inf,inf,inf,1327.0486049877752,inf
126,134,inf,inf,inf,281.3201023745015,inf
126,135,inf,inf,inf,715.3530596845169,inf
126,136,inf,inf,inf,300.37643050013094,inf
126,137,inf,inf,inf,470.91931368335275,inf
126,138,inf,inf,inf,303.71368095625854,inf
126,139,inf,inf,inf,890.5127736310131,inf
126,140,inf,inf,inf,1396.737985450385,inf
126,141,inf,inf,inf,905.7295402050216,inf
126,142,inf,inf,inf,1249.2461726977594,inf
126,143,inf,inf,inf,1213.7615086992996,inf
126,144,inf,inf,inf,986.2682190966107,inf
126,145,inf,inf,inf,375.0333318519835,inf
126,146,inf,inf,inf,1184.6809697129434,inf
126,147,inf,inf,inf,1055.6462475659164,inf
126,148,inf,inf,inf,597.3692325521963,inf
126,149,inf,inf,inf,346.5977495599185,inf
126,150,inf,inf,inf,1272.5674834758272,inf
126,151,inf,inf,inf,655.6256553857544,inf
126,152,inf,inf,inf,1210.848049922037,inf
126,153,inf,inf,inf,1114.576601225775,inf
126,154,inf,inf,inf,1174.8791427206459,inf
126,155,inf,inf,inf,1105.6676715903382,inf
126,156,inf,inf,inf,1454.2506661507844,inf
126,157,inf,inf,inf,918.3403508503806,inf
126,158,inf,inf,inf,1443.2896452202517,inf
126,159,inf,inf,inf,899.0984373248571,inf
126,160,inf,inf,inf,1369.0715832271153,inf
126,161,inf,inf,inf,878.821938733894,inf
126,162,inf,inf,inf,834.5058418010026,inf
126,163,inf,inf,inf,1039.6234895384002,inf
126,164,inf,inf,inf,508.02460570330646,inf
126,165,inf,inf,inf,673.5725647619564,inf
126,166,inf,inf,inf,877.4896010779843,inf
126,167,inf,inf,inf,195.5326059765992,inf
126,168,inf,inf,inf,1194.7970538966022,inf
126,169,inf,inf,inf,296.346081465573,inf
126,170,inf,inf,inf,838.1724166303733,inf
127,128,inf,inf,inf,1391.428043414391,inf
127,129,inf,inf,inf,229.9956521328175,inf
127,130,inf,inf,inf,760.7529165241498,inf
127,131,inf,inf,inf,656.6231796091271,inf
127,132,inf,inf,inf,86.83317338436964,inf
127,133,inf,inf,inf,1325.332033869249,inf
127,134,inf,inf,inf,279.3420841906926,inf
127,135,inf,inf,inf,708.3819591152784,inf
127,136,inf,inf,inf,299.34762400927787,inf
127,137,inf,inf,inf,461.98917736241395,inf
127,138,inf,inf,inf,294.7354746208878,inf
127,139,inf,inf,inf,890.2044708941874,inf
127,140,inf,inf,inf,1389.589867550854,inf
127,141,inf,inf,inf,898.7463490885513,inf
127,142,inf,inf,inf,1243.7881652435835,inf
127,143,inf,inf,inf,1205.2924956208763,inf
127,144,inf,inf,inf,983.25683318246,inf
127,145,inf,inf,inf,365.8209944768069,inf
127,146,inf,inf,inf,1182.4381590594917,inf
127,147,inf,inf,inf,1046.6938425346736,inf
127,148,inf,inf,inf,589.8550669444147,inf
127,149,inf,inf,inf,338.0961401731762,inf
127,150,inf,inf,inf,1265.5943267888017,inf
127,151,inf,inf,inf,647.9706783489512,inf
127,152,inf,inf,inf,1207.437783076213,inf
127,153,inf,inf,inf,1113.6714057566533,inf
127,154,inf,inf,inf,1172.7591398066356,inf
127,155,inf,inf,inf,1104.211030555301,inf
127,156,inf,inf,inf,1448.1381149600338,inf
127,157,inf,inf,inf,909.1974483026225,inf
127,158,inf,inf,inf,1437.609126292679,inf
127,159,inf,inf,inf,894.3584292664771,inf
127,160,inf,inf,inf,1363.0179749365009,inf
127,161,inf,inf,inf,872.5508581165914,inf
127,162,inf,inf,inf,829.7258583411752,inf
127,163,inf,inf,inf,1033.894578765166,inf
127,164,inf,inf,inf,505.34146871199874,inf
127,165,inf,inf,inf,665.7063917373785,inf
127,166,inf,inf,inf,872.3422493494168,inf
127,167,inf,inf,inf,191.1334612253961,inf
127,168,inf,inf,inf,1191.9232357832445,inf
127,169,inf,inf,inf,287.17242207426534,inf
127,170,inf,inf,inf,828.9656205175219,inf
128,129,inf,inf,inf,1258.8288207695277,inf
128,130,inf,inf,inf,634.6692051769961,inf
128,131,inf,inf,inf,1013.2176469051454,inf
128,132,inf,inf,inf,1426.196339919578,inf
128,133,inf,inf,inf,66.18912297349165,inf
128,134,inf,inf,inf,1112.1186987008177,inf
128,135,inf,inf,inf,942.677569479618,inf
128,136,inf,inf,inf,1093.6201351474836,inf
128,137,inf,inf,inf,1495.2892696732629,inf
128,138,inf,inf,inf,1435.6103231726916,inf
128,139,inf,inf,inf,531.1798188937528,inf
128,140,inf,inf,inf,951.8865478616661,inf
128,141,inf,inf,inf,884.740074824239,inf
128,142,inf,inf,inf,597.9673904152299,inf
128,143,inf,inf,inf,1229.1696384144866,inf
128,144,inf,inf,inf,440.55646630142655,inf
128,145,inf,inf,inf,1356.9425190478778,inf
128,146,inf,inf,inf,220.78043391568917,inf
128,147,inf,inf,inf,1349.2664673814436,inf
128,148,inf,inf,inf,1047.0171918359315,inf
128,149,inf,inf,inf,1236.01982184753,inf
128,150,inf,inf,inf,880.2028175369584,inf
128,151,inf,inf,inf,1042.0105565684064,inf
128,152,inf,inf,inf,305.9836596944353,inf
128,153,inf,inf,inf,300.5328601001894,inf
128,154,inf,inf,inf,225.07776433935007,inf
128,155,inf,inf,inf,289.9275771636772,inf
128,156,inf,inf,inf,753.8965446266484,inf
128,157,inf,inf,inf,1405.7396629532795,inf
128,158,inf,inf,inf,666.9152869742903,inf
128,159,inf,inf,inf,630.2578837269709,inf
128,160,inf,inf,inf,718.366201877566,inf
128,161,inf,inf,inf,798.2361805881766,inf
128,162,inf,inf,inf,677.1772293868128,inf
128,163,inf,inf,inf,673.5948337094043,inf
128,164,inf,inf,inf,890.0528074221214,inf
128,165,inf,inf,inf,1063.8576032533676,inf
128,166,inf,inf,inf,680.0889647685808,inf
128,167,inf,inf,inf,1209.5040305844375,inf
128,168,inf,inf,inf,257.8003103178893,inf
128,169,inf,inf,inf,1338.5320317422365,inf
128,170,inf,inf,inf,1440.9691183366838,inf
129,130,inf,inf,inf,655.6256553857544,inf
129,131,inf,inf,inf,430.07441216608083,inf
129,132,inf,inf,inf,313.99681527047375,inf
129,133,inf,inf,inf,1192.9245575475425,inf
129,134,inf,inf,inf,226.11943746613204,inf
129,135,inf,inf,inf,741.037785811223,inf
129,136,inf,inf,inf,215.14878572745886,inf
129,137,inf,inf,inf,663.1138665417878,inf
129,138,inf,inf,inf,498.7233702163956,inf
129,139,inf,inf,inf,734.7884049166807,inf
129,140,inf,inf,inf,1411.8788899902145,inf
129,141,inf,inf,inf,924.5458344506236,inf
129,142,inf,inf,inf,1210.0037190025491,inf
129,143,inf,inf,inf,1290.6014101960372,inf
129,144,inf,inf,inf,886.8032476259883,inf
129,145,inf,inf,inf,538.4876971667969,inf
129,146,inf,inf,inf,1063.6663010549878,inf
129,147,inf,inf,inf,1166.8118957226995,inf
129,148,inf,inf,inf,649.6037253587759,inf
129,149,inf,inf,inf,461.39462502287563,inf
129,150,inf,inf,inf,1282.9532337540602,inf
129,151,inf,inf,inf,710.0338020122704,inf
129,152,inf,inf,inf,1116.7094519166567,inf
129,153,inf,inf,inf,966.6198839254239,inf
129,154,inf,inf,inf,1051.3010986392053,inf
129,155,inf,inf,inf,968.9788439382977,inf
129,156,inf,inf,inf,1432.4559330045724,inf
129,157,inf,inf,inf,1051.4494757238695,inf
129,158,inf,inf,inf,1408.0063920309453,inf
129,159,inf,inf,inf,847.1511081265254,inf
129,160,inf,inf,inf,1346.4887671273013,inf
129,161,inf,inf,inf,873.9502274157264,inf
129,162,inf,inf,inf,785.942109827435,inf
129,163,inf,inf,inf,1012.8533951169834,inf
129,164,inf,inf,inf,424.471436023674,inf
129,165,inf,inf,inf,735.7370454177226,inf
129,166,inf,inf,inf,837.9289946051515,inf
129,167,inf,inf,inf,235.9872877932199,inf
129,168,inf,inf,inf,1088.0225181493258,inf
129,169,inf,inf,inf,458.1113401783457,inf
129,170,inf,inf,inf,984.9639587314857,inf
130,131,inf,inf,inf,570.5760247329009,inf
130,132,inf,inf,inf,791.9248701739326,inf
130,133,inf,inf,inf,569.1484867765178,inf
130,134,inf,inf,inf,482.0881662102898,inf
130,135,inf,inf,inf,435.332057170156,inf
130,136,inf,inf,inf,467.5917022360427,inf
130,137,inf,inf,inf,889.3059091223897,inf
130,138,inf,inf,inf,809.5838437123112,inf
130,139,inf,inf,inf,227.14092541856036,inf
130,140,inf,inf,inf,894.8659117432063,inf
130,141,inf,inf,inf,508.1830378908765,inf
130,142,inf,inf,inf,604.0132448878915,inf
130,143,inf,inf,inf,949.8657799920998,inf
130,144,inf,inf,inf,231.22499864850255,inf
130,145,inf,inf,inf,741.9070022583693,inf
130,146,inf,inf,inf,421.882685115187,inf
130,147,inf,inf,inf,955.8791764653104,inf
130,148,inf,inf,inf,485.84977101980814,inf
130,149,inf,inf,inf,615.1828996322963,inf
130,150,inf,inf,inf,768.731422539758,inf
130,151,inf,inf,inf,507.4416222581668,inf
130,152,inf,inf,inf,461.1865132459968,inf
130,153,inf,inf,inf,382.8276374558138,inf
130,154,inf,inf,inf,412.8159396147392,inf
130,155,inf,inf,inf,355.7091508522096,inf
130,156,inf,inf,inf,841.6085788536141,inf
130,157,inf,inf,inf,941.0340057617472,inf
130,158,inf,inf,inf,797.3261566009232,inf
130,159,inf,inf,inf,266.1766330841233,inf
130,160,inf,inf,inf,759.3688168472551,inf
130,161,inf,inf,inf,409.6828041302197,inf
130,162,inf,inf,inf,235.77955806218657,inf
130,163,inf,inf,inf,453.763154079306,inf
130,164,inf,inf,inf,256.1347301714471,inf
130,165,inf,inf,inf,538.327038146887,inf
130,166,inf,inf,inf,291.73275441746335,inf
130,167,inf,inf,inf,575.7820768311567,inf
130,168,inf,inf,inf,434.66308791982783,inf
130,169,inf,inf,inf,713.1178023300217,inf
130,170,inf,inf,inf,939.6983558568143,inf
131,132,inf,inf,inf,736.1100461208229,inf
131,133,inf,inf,inf,952.71874128727,inf
131,134,inf,inf,inf,493.43895265777303,inf
131,135,inf,inf,inf,887.3990083384136,inf
131,136,inf,inf,inf,457.73900860643283,inf
131,137,inf,inf,inf,1042.0307097202078,inf
131,138,inf,inf,inf,891.0224464063742,inf
131,139,inf,inf,inf,501.49576269396334,inf
131,140,inf,inf,inf,1461.0167692398331,inf
131,141,inf,inf,inf,1028.4536936585914,inf
131,142,inf,inf,inf,1171.718822926388,inf
131,143,inf,inf,inf,1457.696813469797,inf
131,144,inf,inf,inf,764.3088381014575,inf
131,145,inf,inf,inf,896.6275703992154,inf
131,146,inf,inf,inf,866.2251439435362,inf
131,147,inf,inf,inf,1398.8831259258222,inf
131,148,inf,inf,inf,855.0865453274306,inf
131,149,inf,inf,inf,784.4698846992152,inf
131,150,inf,inf,inf,1332.8889676188335,inf
131,151,inf,inf,inf,906.4789021262436,inf
131,152,inf,inf,inf,974.0328536553579,inf
131,153,inf,inf,inf,715.1573253487654,inf
131,154,inf,inf,inf,849.2643875731515,inf
131,155,inf,inf,inf,745.4206865924771,inf
131,156,inf,inf,inf,1410.183675979835,inf
131,157,inf,inf,inf,1325.362591897025,inf
131,158,inf,inf,inf,1361.088534960162,inf
131,159,inf,inf,inf,833.261663584735,inf
131,160,inf,inf,inf,1328.9770502156912,inf
131,161,inf,inf,inf,944.0831531173512,inf
131,162,inf,inf,inf,791.374121386339,inf
131,163,inf,inf,inf,1021.420579389313,inf
131,164,inf,inf,inf,497.1478653278117,inf
131,165,inf,inf,inf,938.9467503538207,inf
131,166,inf,inf,inf,850.1323426384859,inf
131,167,inf,inf,inf,583.069464129275,inf
131,168,inf,inf,inf,920.4612973938665,inf
131,169,inf,inf,inf,825.1024178851981,inf
131,170,inf,inf,inf,1283.6113118853386,inf
132,133,inf,inf,inf,1360.4135400678722,inf
132,134,inf,inf,inf,321.10434441159464,inf
132,135,inf,inf,inf,689.1857514487658,inf
132,136,inf,inf,inf,347.6391807607422,inf
132,137,inf,inf,inf,380.42344827836257,inf
132,138,inf,inf,inf,214.72074888095935,inf
132,139,inf,inf,inf,937.9317672410931,inf
132,140,inf,inf,inf,1365.17398158623,inf
132,141,inf,inf,inf,878.2055568031894,inf
132,142,inf,inf,inf,1241.56071136292,inf
132,143,inf,inf,inf,1159.00388265096,inf
132,144,inf,inf,inf,1007.572329909868,inf
132,145,inf,inf,inf,298.8193434167206,inf
132,146,inf,inf,inf,1213.202373884918,inf
132,147,inf,inf,inf,988.9812940597006,inf
132,148,inf,inf,inf,563.5929382098395,inf
132,149,inf,inf,inf,297.9546945426435,inf
132,150,inf,inf,inf,1243.945738366429,inf
132,151,inf,inf,inf,618.8650903064415,inf
132,152,inf,inf,inf,1227.1927313995957,inf
132,153,inf,inf,inf,1156.0224911306873,inf
132,154,inf,inf,inf,1204.6443458548254,inf
132,155,inf,inf,inf,1142.0236424873174,inf
132,156,inf,inf,inf,1437.515912955401,inf
132,157,inf,inf,inf,844.6182569658318,inf
132,158,inf,inf,inf,1432.3030405609004,inf
132,159,inf,inf,inf,901.5325839923923,inf
132,160,inf,inf,inf,1353.3077994307134,inf
132,161,inf,inf,inf,861.7569262849008,inf
132,162,inf,inf,inf,836.8159893309879,inf
132,163,inf,inf,inf,1029.117097321777,inf
132,164,inf,inf,inf,536.1436374704077,inf
132,165,inf,inf,inf,632.9083661952968,inf
132,166,inf,inf,inf,875.0982801948591,inf
132,167,inf,inf,inf,217.20036832381294,inf
132,168,inf,inf,inf,1216.868522068017,inf
132,169,inf,inf,inf,225.7432169523594,inf
132,170,inf,inf,inf,760.1289364311821,inf
133,134,inf,inf,inf,1046.0368062358036,inf
133,135,inf,inf,inf,886.3814077472518,inf
133,136,inf,inf,inf,1027.4570550636167,inf
133,137,inf,inf,inf,1433.658606502957,inf
133,138,inf,inf,inf,1371.7215460872517,inf
133,139,inf,inf,inf,466.73439984642226,inf
133,140,inf,inf,inf,934.5078918874897,inf
133,141,inf,inf,inf,836.7675901945533,inf
133,142,inf,inf,inf,574.5763656817081,inf
133,143,inf,inf,inf,1194.7154472927853,inf
133,144,inf,inf,inf,379.6801285292661,inf
133,145,inf,inf,inf,1294.228727853002,inf
133,146,inf,inf,inf,160.3277892319357,inf
133,147,inf,inf,inf,1305.7599319936264,inf
133,148,inf,inf,inf,987.8724614037989,inf
133,149,inf,inf,inf,1172.5749442999368,inf
133,150,inf,inf,inf,855.468292808097,inf
133,151,inf,inf,inf,984.7380362309561,inf
133,152,inf,inf,inf,269.0669061776271,inf
133,153,inf,inf,inf,238.01890681204299,inf
133,154,inf,inf,inf,162.27445886522005,inf
133,155,inf,inf,inf,223.9486548296283,inf
133,156,inf,inf,inf,747.2998059681269,inf
133,157,inf,inf,inf,1356.401489235396,inf
133,158,inf,inf,inf,662.3722518342688,inf
133,159,inf,inf,inf,575.2008344917451,inf
133,160,inf,inf,inf,704.9092140126983,inf
133,161,inf,inf,inf,747.4289263869844,inf
133,162,inf,inf,inf,619.5692051740467,inf
133,163,inf,inf,inf,631.377066419109,inf
133,164,inf,inf,inf,824.2845382512037,inf
133,165,inf,inf,inf,1007.401608098776,inf
133,166,inf,inf,inf,625.6532586025586,inf
133,167,inf,inf,inf,1143.6437382331965,inf
133,168,inf,inf,inf,210.3188056261256,inf
133,169,inf,inf,inf,1274.6627004819745,inf
133,170,inf,inf,inf,1388.6399821407995,inf
134,135,inf,inf,inf,515.2601284788102,inf
134,136,inf,inf,inf,36.013886210738214,inf
134,137,inf,inf,inf,552.5233026760047,inf
134,138,inf,inf,inf,412.6560310961176,inf
134,139,inf,inf,inf,616.8306088384395,inf
134,140,inf,inf,inf,1186.497366200195,inf
134,141,inf,inf,inf,698.4618815654867,inf
134,142,inf,inf,inf,996.7632617627919,inf
134,143,inf,inf,inf,1070.5820846623578,inf
134,144,inf,inf,inf,707.1081953986957,inf
134,145,inf,inf,inf,404.0309394093477,inf
134,146,inf,inf,inf,903.4157403986273,inf
134,147,inf,inf,inf,960.8329719571451,inf
134,148,inf,inf,inf,429.4380048388824,inf
134,149,inf,inf,inf,292.02225942554446,inf
134,150,inf,inf,inf,1057.8775921627227,inf
134,151,inf,inf,inf,489.29541179128177,inf
134,152,inf,inf,inf,933.6434008763731,inf
134,153,inf,inf,inf,836.4161643583892,inf
134,154,inf,inf,inf,893.5614136700398,inf
134,155,inf,inf,inf,825.2575355608697,inf
134,156,inf,inf,inf,1214.0642487117393,inf
134,157,inf,inf,inf,860.3255197888761,inf
134,158,inf,inf,inf,1193.938021842005,inf
134,159,inf,inf,inf,637.2542663646906,inf
134,160,inf,inf,inf,1128.100172857003,inf
134,161,inf,inf,inf,649.8253611548259,inf
134,162,inf,inf,inf,574.0078396677175,inf
134,163,inf,inf,inf,794.4620821662919,inf
134,164,inf,inf,inf,228.31995094603536,inf
134,165,inf,inf,inf,516.7407473772511,inf
134,166,inf,inf,inf,622.7720289158786,inf
134,167,inf,inf,inf,108.75660899458019,inf
134,168,inf,inf,inf,914.912564128398,inf
134,169,inf,inf,inf,335.9345174286203,inf
134,170,inf,inf,inf,805.7791260637123,inf
135,136,inf,inf,inf,531.988721684962,inf
135,137,inf,inf,inf,588.1946956578238,inf
135,138,inf,inf,inf,588.1802444829306,inf
135,139,inf,inf,inf,662.0611754211237,inf
135,140,inf,inf,inf,681.9479452274932,inf
135,141,inf,inf,inf,190.3785702225962,inf
135,142,inf,inf,inf,574.5624422114623,inf
135,143,inf,inf,inf,572.9336785353083,inf
135,144,inf,inf,inf,512.8674292641325,inf
135,145,inf,inf,inf,481.5184316306075,inf
135,146,inf,inf,inf,726.6230109210691,inf
135,147,inf,inf,inf,528.0501870087729,inf
135,148,inf,inf,inf,133.52153384379613,inf
135,149,inf,inf,inf,400.8840231288845,inf
135,150,inf,inf,inf,557.2162955262526,inf
135,151,inf,inf,inf,102.6498904042279,inf
135,152,inf,inf,inf,663.7838503609439,inf
135,153,inf,inf,inf,772.7981625236954,inf
135,154,inf,inf,inf,727.7753774345488,inf
135,155,inf,inf,inf,723.2793374623666,inf
135,156,inf,inf,inf,751.4871921729605,inf
135,157,inf,inf,inf,506.6172124987464,inf
135,158,inf,inf,inf,754.4037380607283,inf
135,159,inf,inf,inf,312.9472799050984,inf
135,160,inf,inf,inf,668.7817282193048,inf
135,161,inf,inf,inf,185.15398996510984,inf
135,162,inf,inf,inf,267.89923478800756,inf
135,163,inf,inf,inf,362.28303852098844,inf
135,164,inf,inf,inf,391.2556708854199,inf
135,165,inf,inf,inf,121.2023102090055,inf
135,166,inf,inf,inf,264.7149410214694,inf
135,167,inf,inf,inf,535.2952456355277,inf
135,168,inf,inf,inf,688.4199299845989,inf
135,169,inf,inf,inf,502.2598928841522,inf
135,170,inf,inf,inf,514.4365850131578,inf
136,137,inf,inf,inf,588.500637212909,inf
136,138,inf,inf,inf,447.7231287302455,inf
136,139,inf,inf,inf,591.9062425756296,inf
136,140,inf,inf,inf,1197.5746323298604,inf
136,141,inf,inf,inf,712.1460524358749,inf
136,142,inf,inf,inf,997.8226295289159,inf
136,143,inf,inf,inf,1092.5406170939366,inf
136,144,inf,inf,inf,695.3222274600461,inf
136,145,inf,inf,inf,440.0181814425399,inf
136,146,inf,inf,inf,887.3111066587637,inf
136,147,inf,inf,inf,988.3567169802611,inf
136,148,inf,inf,inf,452.6897392254435,inf
136,149,inf,inf,inf,327.1819065902025,inf
136,150,inf,inf,inf,1068.4090976774767,inf
136,151,inf,inf,inf,511.9072181557904,inf
136,152,inf,inf,inf,923.3336341756429,inf
136,153,inf,inf,inf,814.3248737451165,inf
136,154,inf,inf,inf,876.8836866996671,inf
136,155,inf,inf,inf,805.5538467414826,inf
136,156,inf,inf,inf,1218.2253486116597,inf
136,157,inf,inf,inf,891.157112971669,inf
136,158,inf,inf,inf,1195.5320991090118,inf
136,159,inf,inf,inf,636.2546659946786,inf
136,160,inf,inf,inf,1132.2389323813238,inf
136,161,inf,inf,inf,659.0432459254855,inf
136,162,inf,inf,inf,573.9494751282555,inf
136,163,inf,inf,inf,798.489198424124,inf
136,164,inf,inf,inf,218.8172753691993,inf
136,165,inf,inf,inf,540.3202753922899,inf
136,166,inf,inf,inf,624.6038744676501,inf
136,167,inf,inf,inf,140.9432509913121,inf
136,168,inf,inf,inf,901.8835845052287,inf
136,169,inf,inf,inf,371.84539798147296,inf
136,170,inf,inf,inf,838.3990696559723,inf
137,138,inf,inf,inf,167.4305826305338,inf
137,139,inf,inf,inf,1090.7547845414201,inf
137,140,inf,inf,inf,1177.4829085808421,inf
137,141,inf,inf,inf,742.081531908725,inf
137,142,inf,inf,inf,1156.508970998496,inf
137,143,inf,inf,inf,887.3533681685104,inf
137,144,inf,inf,inf,1054.7511554864493,inf
137,145,inf,inf,inf,154.02921800749363,inf
137,146,inf,inf,inf,1274.5265787734675,inf
137,147,inf,inf,inf,677.0893589475469,inf
137,148,inf,inf,inf,461.00433837438015,inf
137,149,inf,inf,inf,283.24018076537095,inf
137,150,inf,inf,inf,1073.91852577372,inf
137,151,inf,inf,inf,487.46281909495417,inf
137,152,inf,inf,inf,1239.3320781775965,inf
137,153,inf,inf,inf,1271.6516818688992,inf
137,154,inf,inf,inf,1271.3842849429907,inf
137,155,inf,inf,inf,1238.431265755189,inf
137,156,inf,inf,inf,1306.1584896175502,inf
137,157,inf,inf,inf,510.86005911599705,inf
137,158,inf,inf,inf,1324.2273218749112,inf
137,159,inf,inf,inf,885.1242850583188,inf
137,160,inf,inf,inf,1229.6601156417166,inf
137,161,inf,inf,inf,771.3734504116667,inf
137,162,inf,inf,inf,827.7324446945402,inf
137,163,inf,inf,inf,947.9789027188316,inf
137,164,inf,inf,inf,673.3854765288601,inf
137,165,inf,inf,inf,480.3176032585106,inf
137,166,inf,inf,inf,842.5965820011377,inf
137,167,inf,inf,inf,459.31470692761405,inf
137,168,inf,inf,inf,1252.3917118857023,inf
137,169,inf,inf,inf,217.05759604307792,inf
137,170,inf,inf,inf,412.77839090727605,inf
138,139,inf,inf,inf,992.9415894200424,inf
138,140,inf,inf,inf,1233.131379861854,inf
138,141,inf,inf,inf,765.1248264172324,inf
138,142,inf,inf,inf,1161.854551998657,inf
138,143,inf,inf,inf,984.8822264616211,inf
138,144,inf,inf,inf,999.2061849288164,inf
138,145,inf,inf,inf,114.15778554264269,inf
138,146,inf,inf,inf,1216.0086348377629,inf
138,147,inf,inf,inf,796.1187097412044,inf
138,148,inf,inf,inf,454.6735092349234,inf
138,149,inf,inf,inf,201.9108714259834,inf
138,150,inf,inf,inf,1119.6508384313388,inf
138,151,inf,inf,inf,498.37837031717174,inf
138,152,inf,inf,inf,1201.5344356280432,inf
138,153,inf,inf,inf,1190.7312879067217,inf
138,154,inf,inf,inf,1210.5540054041373,inf
138,155,inf,inf,inf,1164.9313284481623,inf
138,156,inf,inf,inf,1335.1153508217933,inf
138,157,inf,inf,inf,642.1814385358705,inf
138,158,inf,inf,inf,1342.2000596036346,inf
138,159,inf,inf,inf,854.1498697535462,inf
138,160,inf,inf,inf,1254.196555568544,inf
138,161,inf,inf,inf,772.3535459878461,inf
138,162,inf,inf,inf,792.0164139713268,inf
138,163,inf,inf,inf,948.3823068784022,inf
138,164,inf,inf,inf,571.1716029355802,inf
138,165,inf,inf,inf,502.4758700674093,inf
138,166,inf,inf,inf,817.9547664755063,inf
138,167,inf,inf,inf,310.2208890452092,inf
138,168,inf,inf,inf,1204.6020089639565,inf
138,169,inf,inf,inf,97.082439194738,inf
138,170,inf,inf,inf,552.4608583420187,inf
139,140,inf,inf,inf,1050.4246760239403,inf
139,141,inf,inf,inf,719.4949617613732,inf
139,142,inf,inf,inf,717.4071368476899,inf
139,143,inf,inf,inf,1157.0661173848277,inf
139,144,inf,inf,inf,294.7303852676205,inf
139,145,inf,inf,inf,939.0596360189272,inf
139,146,inf,inf,inf,365.0753346913483,inf
139,147,inf,inf,inf,1178.9079692664734,inf
139,148,inf,inf,inf,710.0429564470026,inf
139,149,inf,inf,inf,809.580755700134,inf
139,150,inf,inf,inf,932.0005364805323,inf
139,151,inf,inf,inf,734.0640299047488,inf
139,152,inf,inf,inf,478.3576068173266,inf
139,153,inf,inf,inf,232.91200054956377,inf
139,154,inf,inf,inf,348.4652062975585,inf
139,155,inf,inf,inf,247.8911051248108,inf
139,156,inf,inf,inf,952.8567573355399,inf
139,157,inf,inf,inf,1168.1095839004147,inf
139,158,inf,inf,inf,891.9641248391104,inf
139,159,inf,inf,inf,447.8359074482527,inf
139,160,inf,inf,inf,878.4816446574168,inf
139,161,inf,inf,inf,617.8033667761936,inf
139,162,inf,inf,inf,439.45079360492684,inf
139,163,inf,inf,inf,619.3302834514069,inf
139,164,inf,inf,inf,421.86490728668105,inf
139,165,inf,inf,inf,765.2012807098534,inf
139,166,inf,inf,inf,487.13550476227863,inf
139,167,inf,inf,inf,722.6977238098928,inf
139,168,inf,inf,inf,420.31535779697606,inf
139,169,inf,inf,inf,899.3442055186657,inf
139,170,inf,inf,inf,1166.19037896906,inf
140,141,inf,inf,inf,491.91970889566926,inf
140,142,inf,inf,inf,364.2320688791694,inf
140,143,inf,inf,inf,403.0508652763321,inf
140,144,inf,inf,inf,760.2012891333453,inf
140,145,inf,inf,inf,1119.2573430628008,inf
140,146,inf,inf,inf,836.373122475848,inf
140,147,inf,inf,inf,631.4681306289336,inf
140,148,inf,inf,inf,801.7736588339629,inf
140,149,inf,inf,inf,1069.1403088463178,inf
140,150,inf,inf,inf,130.14222988715076,inf
140,151,inf,inf,inf,746.5775244406973,inf
140,152,inf,inf,inf,678.122407829147,inf
140,153,inf,inf,inf,997.3765587780775,inf
140,154,inf,inf,inf,851.6924327478788,inf
140,155,inf,inf,inf,929.8741850379545,inf
140,156,inf,inf,inf,237.8570999570961,inf
140,157,inf,inf,inf,781.8951336336606,inf
140,158,inf,inf,inf,319.3242865802725,inf
140,159,inf,inf,inf,628.9459436231384,inf
140,160,inf,inf,inf,237.05273674859777,inf
140,161,inf,inf,inf,539.8008892174965,inf
140,162,inf,inf,inf,670.2156369408282,inf
140,163,inf,inf,inf,441.1280993090329,inf
140,164,inf,inf,inf,1012.9412618705983,inf
140,165,inf,inf,inf,735.1442035410467,inf
140,166,inf,inf,inf,611.395943722233,inf
140,167,inf,inf,inf,1216.5804535664709,inf
140,168,inf,inf,inf,752.3516465058078,inf
140,169,inf,inf,inf,1160.9117106825997,inf
140,170,inf,inf,inf,871.9816511830968,inf
141,142,inf,inf,inf,419.09664756473535,inf
141,143,inf,inf,inf,441.86536410992886,inf
141,144,inf,inf,inf,497.5791394341206,inf
141,145,inf,inf,inf,654.2904553789548,inf
141,146,inf,inf,inf,684.6787567903651,inf
141,147,inf,inf,inf,477.4358595664972,inf
141,148,inf,inf,inf,316.10124960208555,inf
141,149,inf,inf,inf,586.2763853337434,inf
141,150,inf,inf,inf,366.84874267196284,inf
141,151,inf,inf,inf,266.865134478073,inf
141,152,inf,inf,inf,584.1515214394293,inf
141,153,inf,inf,inf,774.2848313120954,inf
141,154,inf,inf,inf,690.7076081816386,inf
141,155,inf,inf,inf,714.751005595655,inf
141,156,inf,inf,inf,570.1096385784053,inf
141,157,inf,inf,inf,521.4834609074386,inf
141,158,inf,inf,inf,582.4165176229122,inf
141,159,inf,inf,inf,286.11186623417075,inf
141,160,inf,inf,inf,490.2050591334202,inf
141,161,inf,inf,inf,102.42070103255493,inf
141,162,inf,inf,inf,280.14639030335553,inf
141,163,inf,inf,inf,226.62965384079817,inf
141,164,inf,inf,inf,545.9899266470032,inf
141,165,inf,inf,inf,264.6998299961675,inf
141,166,inf,inf,inf,238.1134183535233,inf
141,167,inf,inf,inf,724.6964881935057,inf
141,168,inf,inf,inf,627.536453124438,inf
141,169,inf,inf,inf,684.1907628724609,inf
141,170,inf,inf,inf,565.2548097982007,inf
142,143,inf,inf,inf,645.3874805107394,inf
142,144,inf,inf,inf,422.79191099168395,inf
142,145,inf,inf,inf,1056.0804893567536,inf
142,146,inf,inf,inf,472.31451385702724,inf
142,147,inf,inf,inf,804.7167203432522,inf
142,148,inf,inf,inf,707.8545048242612,inf
142,149,inf,inf,inf,969.0087718901207,inf
142,150,inf,inf,inf,282.25520367213784,inf
142,151,inf,inf,inf,670.8569146994015,inf
142,152,inf,inf,inf,314.0143308831621,inf
142,153,inf,inf,inf,637.1224372128171,inf
142,154,inf,inf,inf,487.8780585351221,inf
142,155,inf,inf,inf,569.9622794536494,inf
142,156,inf,inf,inf,238.64827675891564,inf
142,157,inf,inf,inf,902.8405174780316,inf
142,158,inf,inf,inf,198.13379318026495,inf
142,159,inf,inf,inf,363.4969050762331,inf
142,160,inf,inf,inf,161.07451691686057,inf
142,161,inf,inf,inf,389.6254611803495,inf
142,162,inf,inf,inf,424.084897160934,inf
142,163,inf,inf,inf,213.92755783208483,inf
142,164,inf,inf,inf,786.728034329526,inf
142,165,inf,inf,inf,676.1922803463524,inf
142,166,inf,inf,inf,374.08555171243916,inf
142,167,inf,inf,inf,1055.3317014095617,inf
142,168,inf,inf,inf,388.1288445864337,inf
142,169,inf,inf,inf,1073.3354554844445,inf
142,170,inf,inf,inf,965.4185620755383,inf
143,144,inf,inf,inf,910.0197800048085,inf
143,145,inf,inf,inf,873.8861481909414,inf
143,146,inf,inf,inf,1061.3434882261256,inf
143,147,inf,inf,inf,244.13520843991347,inf
143,148,inf,inf,inf,641.4210785435727,inf
143,149,inf,inf,inf,867.2029750871476,inf
143,150,inf,inf,inf,383.27144427937753,inf
143,151,inf,inf,inf,581.3157489695252,inf
143,152,inf,inf,inf,925.818556737766,inf
143,153,inf,inf,inf,1183.710268604611,inf
143,154,inf,inf,inf,1071.8628643627878,inf
143,155,inf,inf,inf,1119.3015679431526,inf
143,156,inf,inf,inf,626.3433563150487,inf
143,157,inf,inf,inf,414.59618908041114,inf
143,158,inf,inf,inf,693.5546121251015,inf
143,159,inf,inf,inf,712.2450421027864,inf
143,160,inf,inf,inf,592.3546235153399,inf
143,161,inf,inf,inf,540.8558033339385,inf
143,162,inf,inf,inf,718.6438617284642,inf
143,163,inf,inf,inf,574.1811560822943,inf
143,164,inf,inf,inf,963.628559145068,inf
143,165,inf,inf,inf,554.8666506468018,inf
143,166,inf,inf,inf,670.1082002184423,inf
143,167,inf,inf,inf,1064.3956031476266,inf
143,168,inf,inf,inf,988.1462442371575,inf
143,169,inf,inf,inf,935.5137625925125,inf
143,170,inf,inf,inf,515.9089066879927,inf
144,145,inf,inf,inf,917.3794198694453,inf
144,146,inf,inf,inf,219.8590457543196,inf
144,147,inf,inf,inf,974.910252279665,inf
144,148,inf,inf,inf,608.789783094296,inf
144,149,inf,inf,inf,798.3263743607623,inf
144,150,inf,inf,inf,646.0812642384857,inf
144,151,inf,inf,inf,608.4734998338054,inf
144,152,inf,inf,inf,229.9652147608416,inf
144,153,inf,inf,inf,277.01624501101014,inf
144,154,inf,inf,inf,217.84857125994654,inf
144,155,inf,inf,inf,217.55918734909818,inf
144,156,inf,inf,inf,659.128212110512,inf
144,157,inf,inf,inf,1001.4479517179113,inf
144,158,inf,inf,inf,601.4465894823912,inf
144,159,inf,inf,inf,213.41274563624359,inf
144,160,inf,inf,inf,583.8527211549159,inf
144,161,inf,inf,inf,398.11681702736445,inf
144,162,inf,inf,inf,245.1550529766825,inf
144,163,inf,inf,inf,343.6335257218073,inf
144,164,inf,inf,inf,478.81938139553205,inf
144,165,inf,inf,inf,632.8230400356802,inf
144,166,inf,inf,inf,264.21392847463585,inf
144,167,inf,inf,inf,794.7137849565717,inf
144,168,inf,inf,inf,209.29644048573783,inf
144,169,inf,inf,inf,902.2161603518306,inf
144,170,inf,inf,inf,1023.4774057105511,inf
145,146,inf,inf,inf,1136.3313777239455,inf
145,147,inf,inf,inf,692.2492325745114,inf
145,148,inf,inf,inf,348.36762191684807,inf
145,149,inf,inf,inf,129.76902558006668,inf
145,150,inf,inf,inf,1006.4283382337761,inf
145,151,inf,inf,inf,388.3104428160541,inf
145,152,inf,inf,inf,1111.410365256686,inf
145,153,inf,inf,inf,1124.7315235201688,inf
145,154,inf,inf,inf,1132.1576745312466,inf
145,155,inf,inf,inf,1094.029707092088,inf
145,156,inf,inf,inf,1224.37943465251,inf
145,157,inf,inf,inf,545.8287277159384,inf
145,158,inf,inf,inf,1233.638926104393,inf
145,159,inf,inf,inf,759.939471273864,inf
145,160,inf,inf,inf,1144.1665088613631,inf
145,161,inf,inf,inf,666.5568242843216,inf
145,162,inf,inf,inf,699.5784444935392,inf
145,163,inf,inf,inf,843.4316806950045,inf
145,164,inf,inf,inf,520.1624746173064,inf
145,165,inf,inf,inf,390.4484601070927,inf
145,166,inf,inf,inf,720.9840497542231,inf
145,167,inf,inf,inf,318.29703108888714,inf
145,168,inf,inf,inf,1119.254215984912,inf
145,169,inf,inf,inf,81.12336284942828,inf
145,170,inf,inf,inf,463.19866148338554,inf
146,147,inf,inf,inf,1158.1088031786996,inf
146,148,inf,inf,inf,827.5705407999973,inf
146,149,inf,inf,inf,1015.9394667006494,inf
146,150,inf,inf,inf,743.3068007222859,inf
146,151,inf,inf,inf,824.6029347510231,inf
146,152,inf,inf,inf,161.22654868228122,inf
146,153,inf,inf,inf,182.80043763623763,inf
146,154,inf,inf,inf,18.867962264113206,inf
146,155,inf,inf,inf,126.84636376341263,inf
146,156,inf,inf,inf,677.028802932342,inf
146,157,inf,inf,inf,1201.665510863984,inf
146,158,inf,inf,inf,599.7466131625922,inf
146,159,inf,inf,inf,416.5441153107315,inf
146,160,inf,inf,inf,620.2983153290036,inf
146,161,inf,inf,inf,592.3048201728566,inf
146,162,inf,inf,inf,459.44858254216,inf
146,163,inf,inf,inf,489.5406009719725,inf
146,164,inf,inf,inf,677.9749257900324,inf
146,165,inf,inf,inf,847.5311203725796,inf
146,166,inf,inf,inf,467.3638839277164,inf
146,167,inf,inf,inf,997.5189221262923,inf
146,168,inf,inf,inf,85.23496934944014,inf
146,169,inf,inf,inf,1118.929845879535,inf
146,170,inf,inf,inf,1231.1295626374992,inf
147,148,inf,inf,inf,544.8531912359512,inf
147,149,inf,inf,inf,714.9580407268667,inf
147,150,inf,inf,inf,582.1760901995203,inf
147,151,inf,inf,inf,492.44085939328795,inf
147,152,inf,inf,inf,1043.805537444595,inf
147,153,inf,inf,inf,1251.3448765228552,inf
147,154,inf,inf,inf,1165.2656349519623,inf
147,155,inf,inf,inf,1192.178677883479,inf
147,156,inf,inf,inf,837.2335397008412,inf
147,157,inf,inf,inf,176.0,inf
147,158,inf,inf,inf,893.3263681320506,inf
147,159,inf,inf,inf,762.5516375957762,inf
147,160,inf,inf,inf,788.8738809214055,inf
147,161,inf,inf,inf,577.3465164006794,inf
147,162,inf,inf,inf,747.7733613869914,inf
147,163,inf,inf,inf,675.6937175969598,inf
147,164,inf,inf,inf,903.939157244557,inf
147,165,inf,inf,inf,459.9445618767549,inf
147,166,inf,inf,inf,713.1374341597838,inf
147,167,inf,inf,inf,932.0193131046159,inf
147,168,inf,inf,inf,1095.4419199574206,inf
147,169,inf,inf,inf,763.436965308859,inf
147,170,inf,inf,inf,280.11426240018557,inf
148,149,inf,inf,inf,270.1851217221259,inf
148,150,inf,inf,inf,680.4895296769819,inf
148,151,inf,inf,inf,60.53924347066124,inf
148,152,inf,inf,inf,780.2877674294273,inf
148,153,inf,inf,inf,851.5239280255136,inf
148,154,inf,inf,inf,826.5669966796399,inf
148,155,inf,inf,inf,808.5771453609111,inf
148,156,inf,inf,inf,883.1902399823042,inf
148,157,inf,inf,inf,479.2003756258962,inf
148,158,inf,inf,inf,887.7122281460361,inf
148,159,inf,inf,inf,425.7933771208754,inf
148,160,inf,inf,inf,801.1173447129952,inf
148,161,inf,inf,inf,318.2483307104689,inf
148,162,inf,inf,inf,371.3031106791323,inf
148,163,inf,inf,inf,495.0646422438185,inf
148,164,inf,inf,inf,364.6272068839625,inf
148,165,inf,inf,inf,87.69264507357501,inf
148,166,inf,inf,inf,381.93454936677307,inf
148,167,inf,inf,inf,428.51487722131657,inf
148,168,inf,inf,inf,797.828302330771,inf
148,169,inf,inf,inf,369.57949077295945,inf
148,170,inf,inf,inf,460.00108695523755,inf
149,150,inf,inf,inf,949.6451969025063,inf
149,151,inf,inf,inf,322.6840560052511,inf
149,152,inf,inf,inf,999.6344331804502,inf
149,153,inf,inf,inf,997.8541977663871,inf
149,154,inf,inf,inf,1010.9564777971403,inf
149,155,inf,inf,inf,968.9463349432723,inf
149,156,inf,inf,inf,1152.35628171152,inf
149,157,inf,inf,inf,590.6716515967225,inf
149,158,inf,inf,inf,1153.7820418085905,inf
149,159,inf,inf,inf,653.0696746902278,inf
149,160,inf,inf,inf,1069.6022625256549,inf
149,161,inf,inf,inf,581.3105882400561,inf
149,162,inf,inf,inf,590.5472038711215,inf
149,163,inf,inf,inf,755.0821147398474,inf
149,164,inf,inf,inf,390.40107581818984,inf
149,165,inf,inf,inf,335.21634805003174,inf
149,166,inf,inf,inf,618.0566317094251,inf
149,167,inf,inf,inf,226.55021518418383,inf
149,168,inf,inf,inf,1003.0403780506546,inf
149,169,inf,inf,inf,106.4377752492037,inf
149,170,inf,inf,inf,524.2718760337998,inf
150,151,inf,inf,inf,627.1562803639935,inf
150,152,inf,inf,inf,590.5260366825497,inf
150,153,inf,inf,inf,894.9262539449829,inf
150,154,inf,inf,inf,757.2800010564124,inf
150,155,inf,inf,inf,827.4811176093385,inf
150,156,inf,inf,inf,256.20499604808646,inf
150,157,inf,inf,inf,714.6362711197914,inf
150,158,inf,inf,inf,312.8338217009152,inf
150,159,inf,inf,inf,502.55546957524996,inf
150,160,inf,inf,inf,209.77368757782756,inf
150,161,inf,inf,inf,410.01951173084433,inf
150,162,inf,inf,inf,541.6013293927555,inf
150,163,inf,inf,inf,316.1407914205315,inf
150,164,inf,inf,inf,882.8051880228163,inf
150,165,inf,inf,inf,618.2620803510433,inf
150,166,inf,inf,inf,482.80016570005444,inf
150,167,inf,inf,inf,1090.319677892681,inf
150,168,inf,inf,inf,661.6947936926813,inf
150,169,inf,inf,inf,1044.0809355600743,inf
150,170,inf,inf,inf,796.6335418497014,inf
151,152,inf,inf,inf,765.9059994542412,inf
151,153,inf,inf,inf,861.5068194738798,inf
151,154,inf,inf,inf,824.9812119072773,inf
151,155,inf,inf,inf,814.9233092751734,inf
151,156,inf,inf,inf,836.737712786988,inf
151,157,inf,inf,inf,439.9659077701362,inf
151,158,inf,inf,inf,845.4832937438799,inf
151,159,inf,inf,inf,413.7160862233906,inf
151,160,inf,inf,inf,756.0026454980167,inf
151,161,inf,inf,inf,283.91724146307143,inf
151,162,inf,inf,inf,365.1698235068172,inf
151,163,inf,inf,inf,460.7168327725828,inf
151,164,inf,inf,inf,412.0436870041816,inf
151,165,1.0,36.5563,36.55634918610404,33.24154027718932,1.0997188722686648
151,166,inf,inf,inf,366.4109714514564,inf
151,167,inf,inf,inf,488.82103064414076,inf
151,168,inf,inf,inf,789.002534850174,inf
151,169,inf,inf,inf,417.8731865051884,inf
151,170,inf,inf,inf,432.26149493101974,inf
152,153,inf,inf,inf,338.18633916821653,inf
152,154,inf,inf,inf,178.35358140502814,inf
152,155,inf,inf,inf,274.5906043549196,inf
152,156,inf,inf,inf,516.2111970889434,inf
152,157,inf,inf,inf,1105.5469234727218,inf
152,158,inf,inf,inf,440.4020890050364,inf
152,159,inf,inf,inf,354.5151618760473,inf
152,160,inf,inf,inf,459.2254348356589,inf
152,161,inf,inf,inf,503.8223893397355,inf
152,162,inf,inf,inf,412.146818500398,inf
152,163,inf,inf,inf,368.19560019098543,inf
152,164,inf,inf,inf,705.5097447944996,inf
152,165,inf,inf,inf,783.9980867323593,inf
152,166,inf,inf,inf,399.6561021678513,inf
152,167,inf,inf,inf,1017.4605643463534,inf
152,168,inf,inf,inf,76.00657866263946,inf
152,169,inf,inf,inf,1105.5035051957095,inf
152,170,inf,inf,inf,1146.2050427388635,inf
153,154,inf,inf,inf,164.01219466856725,inf
153,155,inf,inf,inf,67.54257916307313,inf
153,156,inf,inf,inf,853.0463058943518,inf
153,157,inf,inf,inf,1271.7138042814508,inf
153,158,inf,inf,inf,778.5576407691341,inf
153,159,inf,inf,inf,488.86092091718683,inf
153,160,inf,inf,inf,791.4606749548584,inf
153,161,inf,inf,inf,674.0719546161225,inf
153,162,inf,inf,inf,511.3443067053744,inf
153,163,inf,inf,inf,611.4981602588841,inf
153,164,inf,inf,inf,625.1607793200083,inf
153,165,inf,inf,inf,888.9325058743211,inf
153,166,inf,inf,inf,538.7995916850717,inf
153,167,inf,inf,inf,939.0314158748897,inf
153,168,inf,inf,inf,263.79727064547126,inf
153,169,inf,inf,inf,1094.7164016310344,inf
153,170,inf,inf,inf,1287.1705403713993,inf
154,155,inf,inf,inf,108.26818553942798,inf
154,156,inf,inf,inf,694.4839810967565,inf
154,157,inf,inf,inf,1206.2321501269978,inf
154,158,inf,inf,inf,617.6503865456574,inf
154,159,inf,inf,inf,419.3149174546501,inf
154,160,inf,inf,inf,636.9693870195019,inf
154,161,inf,inf,inf,597.1205908357206,inf
154,162,inf,inf,inf,460.1010758518176,inf
154,163,inf,inf,inf,499.0490957811666,inf
154,164,inf,inf,inf,668.9289947371096,inf
154,165,inf,inf,inf,848.4462269348601,inf
154,166,inf,inf,inf,470.3668780856067,inf
154,167,inf,inf,inf,988.5949625605018,inf
154,168,inf,inf,inf,102.41581909060729,inf
154,169,inf,inf,inf,1113.4738434287533,inf
154,170,inf,inf,inf,1234.1750281058194,inf
155,156,inf,inf,inf,787.5798372228685,inf
155,157,inf,inf,inf,1217.7397094617552,inf
155,158,inf,inf,inf,714.2674569095249,inf
155,159,inf,inf,inf,430.9211064684579,inf
155,160,inf,inf,inf,724.9275825901509,inf
155,161,inf,inf,inf,615.6565601047389,inf
155,162,inf,inf,inf,458.2630249103674,inf
155,163,inf,inf,inf,546.1501625011202,inf
155,164,inf,inf,inf,606.9266842049376,inf
155,165,inf,inf,inf,841.2377785144935,inf
155,166,inf,inf,inf,481.56515654685813,inf
155,167,inf,inf,inf,924.8664768494964,inf
155,168,inf,inf,inf,202.00247523235947,inf
155,169,inf,inf,inf,1068.2705649787417,inf
155,170,inf,inf,inf,1236.7093433786292,inf
156,157,inf,inf,inf,970.4267102671896,inf
156,158,inf,inf,inf,88.81441324469807,inf
156,159,inf,inf,inf,593.0977996924285,inf
156,160,inf,inf,inf,85.98837130682264,inf
156,161,inf,inf,inf,576.105025147325,inf
156,162,inf,inf,inf,649.7545690489602,inf
156,163,inf,inf,inf,419.754690265636,inf
156,164,inf,inf,inf,1012.767495528959,inf
156,165,inf,inf,inf,834.3170860050752,inf
156,166,inf,inf,inf,595.2722066416338,inf
156,167,inf,inf,inf,1263.6217788563158,inf
156,168,inf,inf,inf,592.0684082097271,inf
156,169,inf,inf,inf,1252.7106609269356,inf
156,170,inf,inf,inf,1050.6074433393283,inf
157,158,inf,inf,inf,1017.1410914912444,inf
157,159,inf,inf,inf,789.0937840333049,inf
157,160,inf,inf,inf,912.7814634401818,inf
157,161,inf,inf,inf,609.3808333054134,inf
157,162,inf,inf,inf,760.3768802376884,inf
157,163,inf,inf,inf,742.4621202458749,inf
157,164,inf,inf,inf,842.8819608936948,inf
157,165,inf,inf,inf,407.1719538475115,inf
157,166,inf,inf,inf,737.8814267888846,inf
157,167,inf,inf,inf,815.6003923490964,inf
157,168,inf,inf,inf,1148.157219199531,inf
157,169,inf,inf,inf,622.1928961343098,inf
157,170,inf,inf,inf,104.30723848324239,inf
158,159,inf,inf,inf,561.6235393927145,inf
158,160,inf,inf,inf,104.66135867644753,inf
158,161,inf,inf,inf,572.6229125698692,inf
158,162,inf,inf,inf,622.0651091324766,inf
158,163,inf,inf,inf,403.77468964758054,inf
158,164,inf,inf,inf,984.8583654516013,inf
158,165,inf,inf,inf,846.5488763207946,inf
158,166,inf,inf,inf,571.1996148458085,inf
158,167,inf,inf,inf,1250.230378770249,inf
158,168,inf,inf,inf,515.5356437725718,inf
158,169,inf,inf,inf,1256.4792079457582,inf
158,170,inf,inf,inf,1092.1172098268573,inf
159,160,inf,inf,inf,508.17811837976654,inf
159,161,inf,inf,inf,185.21878954360974,inf
159,162,inf,inf,inf,64.76109943476871,inf
159,163,inf,inf,inf,188.2153022471871,inf
159,164,inf,inf,inf,423.33083988766987,inf
159,165,inf,inf,inf,434.1174956161062,inf
159,166,inf,inf,inf,51.24451190127583,inf
159,167,inf,inf,inf,703.6511919978534,inf
159,168,inf,inf,inf,375.48102482016316,inf
159,169,inf,inf,inf,759.4952271081103,inf
159,170,inf,inf,inf,814.860110693854,inf
160,161,inf,inf,inf,491.58620810596386,inf
160,162,inf,inf,inf,564.2171567756515,inf
160,163,inf,inf,inf,333.7663853655727,inf
160,164,inf,inf,inf,927.0382947861431,inf
160,165,inf,inf,inf,754.8887335230272,inf
160,166,inf,inf,inf,509.4634432420053,inf
160,167,inf,inf,inf,1178.1044096343924,inf
160,168,inf,inf,inf,535.0934497823721,inf
160,169,inf,inf,inf,1170.6861236044442,inf
160,170,inf,inf,inf,988.600020230629,inf
161,162,inf,inf,inf,178.3704011320264,inf
161,163,inf,inf,inf,177.19198627477485,inf
161,164,inf,inf,inf,474.93683790584197,inf
161,165,inf,inf,inf,293.64604543565713,inf
161,166,inf,inf,inf,136.13228860193308,inf
161,167,inf,inf,inf,690.0876755891239,inf
161,168,inf,inf,inf,540.4479623423517,inf
161,169,inf,inf,inf,684.6787567903651,inf
161,170,inf,inf,inf,643.2425669994174,inf
162,163,inf,inf,inf,235.4591259645716,inf
162,164,inf,inf,inf,363.4184915493432,inf
162,165,inf,inf,inf,388.35550723531657,inf
162,166,inf,inf,inf,58.82176467941097,inf
162,167,inf,inf,inf,639.1001486465169,inf
162,168,inf,inf,inf,426.52549747934177,inf
162,169,inf,inf,inf,696.8995623474017,inf
162,170,inf,inf,inf,778.869051895118,inf
163,164,inf,inf,inf,595.0462166924516,inf
163,165,inf,inf,inf,468.7397998890216,inf
163,166,inf,inf,inf,178.13758727455584,inf
163,167,inf,inf,inf,847.0005903185664,inf
163,168,inf,inf,inf,421.36089044903065,inf
163,169,inf,inf,inf,859.4800753944212,inf
163,170,inf,inf,inf,791.1826590617366,inf
164,165,inf,inf,inf,445.00449435932666,inf
164,166,inf,inf,inf,417.6469801159826,inf
164,167,inf,inf,inf,319.6779629564728,inf
164,168,inf,inf,inf,686.8951885113187,inf
164,169,inf,inf,inf,477.5290567075474,inf
164,170,inf,inf,inf,814.5980603954321,inf
165,166,inf,inf,inf,385.6008298746257,inf
165,167,inf,inf,inf,511.5789284167205,inf
165,168,inf,inf,inf,809.5677859203638,inf
165,169,inf,inf,inf,426.0293417125163,inf
165,170,inf,inf,inf,401.81214516238805,inf
166,167,inf,inf,inf,682.7305471414033,inf
166,168,inf,inf,inf,424.34891304208617,inf
166,169,inf,inf,inf,724.4121754912737,inf
166,170,inf,inf,inf,763.8461887055535,inf
167,168,inf,inf,inf,1003.8032675778655,inf
167,169,inf,inf,inf,242.99794237811975,inf
167,170,inf,inf,inf,750.8208840995301,inf
168,169,inf,inf,inf,1107.8415951750503,inf
168,170,inf,inf,inf,1183.3279342599835,inf
169,170,inf,inf,inf,542.3098745182499,inf
